10时26分04秒 256194780 259831620   1845268      0.70     77144   4942664   6107312      2.30   1943600   4308936         8
10时26分05秒 256194568 259831412   1845508      0.70     77152   4942664   6107312      2.30   1943592   4308972        24
10时26分06秒 256056464 259693308   1983404      0.75     77152   4942664   6376616      2.40   1943636   4461796        24
10时26分07秒 255501980 259138920   2521896      0.96     77152   4953480   6948348      2.62   1943816   5009312        28
10时26分08秒 254907588 258544508   3101848      1.18     77152   4968680   7539956      2.84   1943860   5594300        28
10时26分09秒 254690488 258327412   3293160      1.25     77152   4994644   7750960      2.92   1943856   5801664        32
10时26分10秒 254677344 258314268   3300856      1.25     77160   5000052   7767504      2.92   1943864   5814020        48
10时26分11秒 254435520 258074796   3533208      1.34     77240   5005732   8001736      3.01   1943976   6047952        48
10时26分12秒 254406188 258045464   3554212      1.35     77240   5014036   8043636      3.03   1943972   6074732        48
10时26分13秒 254388952 258026324   3569076      1.35     77240   5016444   8035616      3.02   1943980   6086476        52
10时26分14秒 254381952 258019324   3574600      1.36     77240   5017876   8036760      3.02   1943960   6089960        52
10时26分15秒 254378956 258016328   3576744      1.36     77248   5018748   8037412      3.03   1943964   6091872        72
10时26分16秒 254379124 258016500   3575776      1.36     77248   5019536   8038048      3.03   1943972   6091856        72
10时26分17秒 254380184 258017560   3574152      1.36     77248   5020080   8038604      3.03   1943968   6092336        72
10时26分18秒 254377732 258015108   3576012      1.36     77248   5020648   8039176      3.03   1943972   6093372        72
10时26分19秒 254379456 258016832   3573776      1.36     77248   5021176   8040120      3.03   1943980   6094324        76
10时26分20秒 254379176 258016560   3573620      1.36     77256   5021604   8040748      3.03   1943988   6093700        76
10时26分21秒 254378588 258015972   3573344      1.36     77256   5022460   8041128      3.03   1943992   6095508        76
10时26分22秒 254379124 258016504   3572396      1.36     77256   5022856   8041996      3.03   1943988   6095208        76
10时26分23秒 254367016 258005908   3582352      1.36     77256   5025000   8031372      3.02   1943996   6094036      1592
10时26分24秒 254361828 258001080   3586568      1.36     77256   5025940   8062272      3.03   1943976   6108620      1972
10时26分25秒 254349336 257988616   3596180      1.36     77264   5028764   8086316      3.04   1943988   6128900         4
10时26分26秒 254319228 257958636   3624076      1.37     77264   5030976   8114992      3.05   1943996   6161280         8
10时26分27秒 254317308 257956716   3625400      1.38     77264   5031572   8115636      3.05   1943980   6162992         8
10时26分28秒 254315540 257954952   3626632      1.38     77268   5032160   8116140      3.05   1943996   6163836        64
10时26分29秒 254306168 257945576   3635488      1.38     77268   5032632   8095104      3.05   1944008   6153368       456
10时26分30秒 254306136 257945584   3634168      1.38     77276   5033904   8116552      3.05   1944012   6160208       120
10时26分31秒 254223204 257862652   3714940      1.41     77276   5036056   8200036      3.09   1944008   6253976       120
10时26分32秒 254188416 257827864   3746116      1.42     77276   5039668   8248048      3.10   1944012   6293924       120
10时26分33秒 254184392 257823840   3749452      1.42     77276   5040332   8249088      3.10   1944004   6298692       120
10时26分34秒 254183832 257823288   3749484      1.42     77276   5040844   8249676      3.11   1944016   6299428       120
10时26分35秒 254174564 257817316   3755008      1.42     77284   5044544   8226800      3.10   1947240   6287796       320
10时26分36秒 254173740 257816496   3754960      1.42     77284   5045408   8242184      3.10   1947244   6287188       128
10时26分37秒 254162156 257804920   3765712      1.43     77284   5046248   8261924      3.11   1947264   6314492       128
10时26分38秒 254123592 257766356   3801344      1.44     77284   5049180   8305792      3.13   1947248   6351244       128
10时26分39秒 254121060 257763812   3803592      1.44     77284   5049528   8306244      3.13   1947244   6355556       128
10时26分40秒 254116924 257759684   3807148      1.44     77292   5050068   8306784      3.13   1947256   6356124       136
10时26分41秒 254115620 257758376   3808180      1.44     77292   5050320   8307892      3.13   1947260   6357116       136
10时26分42秒 254107552 257753608   3812836      1.45     77292   5053672   8278584      3.12   1950496   6343196       340
10时26分43秒 254106780 257752836   3813432      1.45     77292   5053848   8296656      3.12   1950488   6345164       140
10时26分44秒 254109024 257755080   3810068      1.45     77292   5054984   8298376      3.12   1950508   6348380       140
10时26分45秒 254099464 257745528   3818508      1.45     77300   5056096   8320272      3.13   1950516   6367044       140
10时26分46秒 254098312 257744376   3819404      1.45     77300   5056352   8321504      3.13   1950508   6370952       140
10时26分47秒 254098788 257744852   3818576      1.45     77300   5056692   8321704      3.13   1950520   6371728       140
10时26分48秒 254089128 257735252   3827900      1.45     77300   5057028   8341156      3.14   1950512   6382436       140
10时26分49秒 254096244 257745676   3817392      1.45     77300   5060344   8313412      3.13   1953788   6350856       144
10时26分50秒 254096164 257745600   3816988      1.45     77308   5060812   8315040      3.13   1953796   6362396       144
10时26分51秒 254097080 257746524   3814980      1.45     77308   5061892   8325964      3.13   1953808   6370520       144
10时26分52秒 254092332 257741836   3819408      1.45     77308   5062212   8326280      3.13   1953812   6375976       144
10时26分53秒 254088584 257738156   3822756      1.45     77316   5062604   8326672      3.13   1953816   6378104       168
10时26分54秒 254087912 257739504   3820732      1.45     77316   5065284   8301228      3.12   1954336   6363280      2688
10时26分55秒 254084908 257737960   3822652      1.45     77316   5066272   8324396      3.13   1957048   6364260       148
10时26分56秒 254083800 257736852   3823532      1.45     77316   5066588   8325540      3.13   1957044   6373840       140
10时26分57秒 254092520 257745632   3813980      1.45     77316   5067420   8328520      3.13   1957040   6372252       148
10时26分58秒 254083660 257736820   3822540      1.45     77324   5067704   8331936      3.14   1957044   6381092       168
10时26分59秒 254081044 257734228   3825092      1.45     77324   5067820   8332156      3.14   1957044   6382768       168
10时27分00秒 254082700 257735884   3823328      1.45     77324   5067952   8332280      3.14   1957060   6383092       168
10时27分01秒 254087864 257744340   3814732      1.45     77324   5071276   8301200      3.12   1960288   6359860       200
10时27分02秒 254086844 257743320   3815776      1.45     77324   5071292   8321188      3.13   1960288   6368484       200
10时27分03秒 254098412 257755000   3803392      1.44     77332   5072088   8295708      3.12   1960292   6346932        52
10时27分04秒 254080780 257737368   3820860      1.45     77332   5072236   8338056      3.14   1960296   6384736        52
10时27分05秒 254077332 257733920   3824156      1.45     77332   5072364   8338620      3.14   1960308   6390284        52
10时27分06秒 254082976 257742844   3815088      1.45     77332   5075688   8302412      3.12   1963524   6363976       240
10时27分07秒 254082140 257742008   3815896      1.45     77332   5075716   8323192      3.13   1963532   6365876        56
10时27分08秒 254081020 257740888   3816644      1.45     77332   5076104   8324032      3.13   1963524   6375520        60
10时27分09秒 254083872 257743748   3813392      1.45     77340   5076488   8331148      3.14   1963536   6378544        60
10时27分10秒 254071936 257731820   3824852      1.45     77340   5076964   8341884      3.14   1963540   6391752        64
10时27分11秒 254070400 257730284   3826148      1.45     77340   5077244   8342272      3.14   1963532   6393732        64
10时27分12秒 254082324 257745488   3810752      1.45     77340   5080628   8321528      3.13   1966768   6359316       220
10时27分13秒 254077844 257741008   3815160      1.45     77340   5080700   8325668      3.13   1966752   6373140        64
10时27分14秒 254081600 257744772   3810656      1.45     77348   5081440   8334320      3.14   1966756   6377408        64
10时27分15秒 254065376 257728548   3826660      1.45     77348   5081636   8349352      3.14   1966780   6395816        64
10时27分16秒 254061136 257724312   3830804      1.45     77348   5081732   8349856      3.14   1966756   6402112        68
10时27分17秒 254072680 257739120   3815896      1.45     77348   5085008   8302004      3.12   1969964   6365776       236
10时27分18秒 254068936 257735376   3819656      1.45     77348   5085008   8329496      3.14   1969972   6375420        68
10时27分19秒 254067816 257734264   3820128      1.45     77356   5085640   8329848      3.14   1969996   6385168        68
10时27分20秒 254056856 257723304   3830856      1.45     77356   5085872   8352724      3.14   1969988   6396904        68
10时27分21秒 254051760 257718208   3835876      1.46     77356   5085948   8352760      3.14   1969984   6404220        68
10时27分22秒 254066920 257736632   3817328      1.45     77356   5089256   8304188      3.13   1973196   6365944       216
10时27分23秒 254069056 257738768   3815288      1.45     77356   5089264   8325764      3.13   1973176   6367116        72
10时27分24秒 254066464 257736176   3817732      1.45     77364   5089404   8326188      3.13   1973192   6378428        72
10时27分25秒 254067536 257737256   3816356      1.45     77364   5089708   8338360      3.14   1973200   6385432        72
10时27分26秒 254046376 257716096   3837456      1.46     77364   5089768   8356728      3.15   1973196   6406604        72
10时27分27秒 254060080 257729800   3823728      1.45     77364   5089800   8305312      3.13   1973196   6370400        48
10时27分28秒 254057880 257730864   3822564      1.45     77364   5093064   8331884      3.14   1976404   6370884       220
10时27分29秒 254059472 257732456   3820860      1.45     77372   5093168   8329004      3.13   1976396   6377912        64
10时27分30秒 254061568 257734528   3818332      1.45     77372   5093664   8338220      3.14   1976420   6384104        64
10时27分31秒 254044008 257716968   3835832      1.46     77372   5093700   8357124      3.15   1976412   6403452        64
10时27分32秒 254040064 257713024   3839744      1.46     77372   5093740   8357460      3.15   1976400   6409300        64
10时27分33秒 254055332 257731552   3821120      1.45     77372   5096996   8313028      3.13   1979612   6369592       196
10时27分34秒 254055736 257731968   3820716      1.45     77380   5096988   8330132      3.14   1979620   6378568       204
10时27分35秒 254074044 257750276   3801864      1.44     77380   5097528   8300596      3.12   1979620   6350808        72
10时27分36秒 254039188 257715420   3836592      1.46     77380   5097652   8358004      3.15   1979624   6404232        72
10时27分37秒 254034156 257710388   3841536      1.46     77380   5097748   8358520      3.15   1979616   6410956        16
10时27分38秒 254053396 257732848   3818944      1.45     77380   5101020   8310536      3.13   1982808   6370244       144
10时27分39秒 254052836 257732300   3819456      1.45     77388   5101036   8330712      3.14   1982804   6375440        56
10时27分40秒 254053444 257732908   3818672      1.45     77388   5101204   8331336      3.14   1982820   6384004        60
10时27分41秒 254055948 257735416   3815984      1.45     77388   5101364   8338904      3.14   1982816   6387864        60
10时27分42秒 254038700 257718172   3833192      1.45     77388   5101420   8356032      3.15   1982820   6406428        60
10时27分43秒 254034588 257714060   3837228      1.46     77388   5101496   8357164      3.15   1982820   6409096        60
10时27分44秒 254046284 257728992   3822208      1.45     77396   5104712   8314932      3.13   1986004   6373388       196
10时27分45秒 254048772 257731480   3819752      1.45     77396   5104720   8332788      3.14   1986000   6380060        64
10时27分46秒 254047860 257730568   3820472      1.45     77396   5104944   8332988      3.14   1986000   6386716        64
10时27分47秒 254051568 257734276   3816652      1.45     77396   5105064   8339440      3.14   1986000   6389904        64
10时27分48秒 254035824 257718532   3832196      1.45     77396   5105264   8355136      3.14   1986008   6406220        64
10时27分49秒 254031344 257714060   3836644      1.46     77404   5105288   8355672      3.14   1986012   6408452        64
10时27分50秒 254043408 257729340   3821260      1.45     77404   5108496   8309000      3.13   1989148   6370848       148
10时27分51秒 254043216 257729156   3821420      1.45     77404   5108520   8328028      3.13   1989160   6373848        68
10时27分52秒 254044848 257730804   3819608      1.45     77404   5108668   8328176      3.13   1989156   6381992        68
10时27分53秒 254049156 257735108   3815220      1.45     77404   5108756   8337608      3.14   1989160   6386216        68
10时27分54秒 254034940 257720900   3829368      1.45     77412   5108824   8351080      3.14   1989176   6401360        68
10时27分55秒 254030972 257716932   3833248      1.45     77412   5108912   8351400      3.14   1989184   6404692        68
10时27分56秒 254032580 257718528   3831680      1.45     77412   5108968   8351436      3.14   1989172   6405124        68
10时27分57秒 254044440 257733576   3816552      1.45     77412   5112156   8302652      3.12   1992296   6361188        68
10时27分58秒 254046872 257736012   3814116      1.45     77412   5112160   8322380      3.13   1992288   6370636        36
10时27分59秒 254057804 257746952   3803004      1.44     77420   5112316   8307124      3.13   1992308   6360424        52
10时28分00秒 254038420 257727568   3822316      1.45     77420   5112372   8349948      3.14   1992316   6396184        52
10时28分01秒 254031964 257721112   3828728      1.45     77420   5112400   8349988      3.14   1992304   6401956        52
10时28分02秒 254032136 257721284   3828528      1.45     77420   5112432   8349992      3.14   1992304   6403180        52
10时28分03秒 254041728 257730880   3818944      1.45     77420   5112444   8314536      3.13   1992304   6375800        56
10时28分04秒 254040688 257733032   3816712      1.45     77428   5115596   8328868      3.13   1995444   6369356        56
10时28分05秒 254039444 257731796   3817848      1.45     77428   5115688   8329068      3.13   1995444   6381504        56
10时28分06秒 254048004 257740356   3809188      1.45     77428   5115788   8335956      3.14   1995440   6381172        56
10时28分07秒 254034428 257726744   3822756      1.45     77428   5115868   8348652      3.14   1995448   6397604        56
10时28分08秒 254030932 257723248   3826200      1.45     77428   5115888   8348892      3.14   1995444   6400708        60
10时28分09秒 254038640 257731460   3817932      1.45     77436   5116440   8302372      3.12   1995968   6369404       564
10时28分10秒 254041372 257736868   3812464      1.45     77436   5119064   8324744      3.13   1998560   6364640        60
10时28分11秒 254040680 257736144   3813168      1.45     77436   5119116   8325060      3.13   1998556   6375656        60
10时28分12秒 254046816 257742280   3806912      1.44     77436   5119220   8336476      3.14   1998572   6380776        60
10时28分13秒 254026112 257721580   3827440      1.45     77436   5119388   8351960      3.14   1998564   6402088        20
10时28分14秒 254022444 257717916   3830920      1.45     77444   5119568   8352404      3.14   1998572   6404404        56
10时28分15秒 254020868 257716348   3832316      1.45     77444   5119740   8352552      3.14   1998588   6405184        56
10时28分16秒 254030412 257729076   3819484      1.45     77444   5122924   8311592      3.13   2001700   6370828       140
10时28分17秒 254034216 257732876   3815684      1.45     77444   5122920   8329976      3.14   2001704   6376932       140
10时28分18秒 254033500 257732160   3816300      1.45     77444   5123060   8330024      3.14   2001696   6383472        60
10时28分19秒 254025096 257723760   3824652      1.45     77452   5123096   8351552      3.14   2001688   6397952        64
10时28分20秒 254020024 257718696   3829656      1.45     77452   5123132   8352140      3.14   2001708   6402740        64
10时28分21秒 254029096 257730948   3817312      1.45     77452   5126288   8309084      3.13   2004820   6371636       144
10时28分22秒 254032396 257734236   3814032      1.45     77452   5126284   8328344      3.13   2004828   6371552        64
10时28分23秒 254031192 257733032   3815036      1.45     77452   5126524   8328788      3.13   2004832   6380784        64
10时28分24秒 254033568 257735416   3812404      1.45     77460   5126772   8338724      3.14   2004828   6386036        64
10时28分25秒 254017212 257719060   3828712      1.45     77460   5126820   8351464      3.14   2004836   6402440        68
10时28分26秒 254026448 257728300   3819384      1.45     77460   5126904   8326228      3.13   2004836   6383160        68
10时28分27秒 254024904 257729944   3817672      1.45     77464   5130060   8331584      3.14   2007948   6373328       120
10时28分28秒 254024512 257729552   3817904      1.45     77464   5130220   8331876      3.14   2007956   6382664        68
10时28分29秒 254032988 257738036   3809312      1.45     77472   5130348   8337264      3.14   2007960   6382056        72
10时28分30秒 254018276 257723324   3823960      1.45     77472   5130412   8350116      3.14   2007956   6398364        76
10时28分31秒 254013744 257718792   3828464      1.45     77472   5130440   8350524      3.14   2007956   6402224        76
10时28分32秒 254021644 257729876   3817248      1.45     77472   5133620   8334448      3.14   2011072   6375136        76
10时28分33秒 254024848 257733068   3814028      1.45     77472   5133620   8330028      3.14   2011072   6378388        76
10时28分34秒 254029912 257738140   3808704      1.44     77488   5133864   8335088      3.14   2011076   6378528        44
10时28分35秒 254020636 257728872   3817932      1.45     77488   5133904   8348744      3.14   2011072   6393584        52
10时28分36秒 254017884 257726124   3820656      1.45     77488   5133940   8348764      3.14   2011096   6401020        56
10时28分37秒 254016528 257724768   3821980      1.45     77488   5133964   8348796      3.14   2011100   6402880        56
10时28分38秒 254020804 257732204   3814472      1.45     77488   5137100   8331060      3.14   2014184   6368780       112
10时28分39秒 254023844 257735256   3811364      1.45     77500   5137108   8327216      3.13   2014196   6374308        68
10时28分40秒 254028640 257740052   3806464      1.44     77500   5137204   8336924      3.14   2014204   6381164        68
10时28分41秒 254017648 257729072   3817324      1.45     77500   5137280   8346240      3.14   2014192   6393228        72
10时28分42秒 254012844 257724268   3822088      1.45     77500   5137288   8346692      3.14   2014200   6398956        72
10时28分43秒 254011204 257722628   3823700      1.45     77504   5137312   8346696      3.14   2014204   6399864        72
10时28分44秒 254015608 257730136   3816624      1.45     77508   5139912   8311448      3.13   2017072   6368988        92
10时28分45秒 254016072 257730588   3815664      1.45     77508   5140440   8332396      3.14   2017084   6379944        96
10时28分46秒 254029964 257744512   3801420      1.44     77508   5140760   8309648      3.13   2017284   6363740        24
10时28分47秒 254016780 257731328   3814564      1.45     77516   5140776   8344188      3.14   2017280   6391524       132
10时28分48秒 254012796 257727356   3818548      1.45     77516   5140776   8344648      3.14   2017284   6396912       132
10时28分49秒 254012772 257727332   3818564      1.45     77516   5140784   8345016      3.14   2017292   6397544       128
10时28分50秒 254011676 257726236   3819656      1.45     77516   5140788   8358352      3.15   2017288   6396556       128
10时28分51秒 254019024 257736716   3809100      1.45     77516   5143868   8326304      3.13   2020356   6362972       136
10时28分52秒 254019008 257736700   3809016      1.45     77516   5143968   8326892      3.13   2020364   6378060       136
10时28分53秒 254017936 257735628   3809968      1.45     77524   5144080   8339116      3.14   2020348   6383916       136
10时28分54秒 254007564 257725264   3820292      1.45     77524   5144128   8350716      3.14   2020364   6400852       136
10时28分55秒 254004436 257722136   3823368      1.45     77524   5144180   8350716      3.14   2020368   6403704       136
10时28分56秒 254003672 257721372   3824112      1.45     77524   5144200   8351064      3.14   2020368   6403920       136
10时28分57秒 254003160 257723996   3821404      1.45     77524   5147340   8319500      3.13   2023440   6381784       160
10时28分58秒 254007784 257728632   3816772      1.45     77532   5147340   8334132      3.14   2023460   6383336       160
10时28分59秒 254007428 257728276   3816816      1.45     77532   5147652   8334172      3.14   2023440   6387188       140
10时29分00秒 254006672 257727520   3817532      1.45     77532   5147692   8348180      3.14   2023464   6395128       140
10时29分01秒 254002476 257723324   3821824      1.45     77532   5147700   8348660      3.14   2023456   6400908       140
10时29分02秒 253999712 257720560   3824564      1.45     77532   5147724   8348660      3.14   2023452   6402108       140
10时29分03秒 254002380 257726380   3818664      1.45     77540   5150836   8331368      3.14   2026548   6366364       144
10时29分04秒 254004980 257728980   3816084      1.45     77540   5150816   8327092      3.13   2026528   6374980       144
10时29分05秒 254010352 257734352   3810408      1.45     77540   5151120   8337620      3.14   2026532   6380048       112
10时29分06秒 253997784 257721784   3823040      1.45     77540   5151144   8349144      3.14   2026540   6395572       116
10时29分07秒 253993524 257717520   3827292      1.45     77540   5151160   8350212      3.14   2026556   6401356       116
10时29分08秒 253996792 257723928   3820848      1.45     77552   5154244   8315788      3.13   2029628   6374520       148
10时29分09秒 253998956 257726092   3818664      1.45     77552   5154256   8331356      3.14   2029624   6380156       148
10时29分10秒 254009148 257736284   3808336      1.44     77552   5154392   8310940      3.13   2029640   6364612       140
10时29分11秒 254000280 257727416   3817156      1.45     77552   5154424   8347092      3.14   2029632   6395232       140
10时29分12秒 253995484 257722620   3821924      1.45     77552   5154444   8347680      3.14   2029628   6399364       140
10时29分13秒 253996436 257727108   3817932      1.45     77560   5157468   8308660      3.13   2032656   6372484       144
10时29分14秒 253998028 257728300   3816168      1.45     77560   5157532   8326432      3.13   2032692   6376220       144
10时29分15秒 253998768 257729024   3815420      1.45     77560   5157572   8326480      3.13   2032692   6379192       144
10时29分16秒 253994832 257725088   3819320      1.45     77560   5157648   8349936      3.14   2032700   6395132       144
10时29分17秒 253990068 257720324   3824040      1.45     77560   5157692   8350248      3.14   2032700   6402968       144
10时29分18秒 253989444 257722824   3821468      1.45     77568   5160800   8312372      3.13   2035764   6377324       152
10时29分19秒 253993492 257726880   3817424      1.45     77568   5160796   8329780      3.14   2035768   6376328       152
10时29分20秒 253993208 257726596   3817656      1.45     77568   5160848   8330484      3.14   2035772   6383736        28
10时29分21秒 254002216 257735604   3808620      1.44     77568   5160876   8337572      3.14   2035780   6386268        28
10时29分22秒 253992836 257726224   3817960      1.45     77568   5160916   8344660      3.14   2035768   6396512        28
10时29分23秒 253989440 257722828   3821332      1.45     77576   5160928   8344936      3.14   2035780   6398336        60
10时29分24秒 253991812 257728740   3815908      1.45     77576   5163980   8303708      3.13   2038808   6369708        64
10时29分25秒 253997136 257733644   3810420      1.45     77576   5164024   8325576      3.13   2038828   6373628        60
10时29分26秒 253996632 257733140   3810808      1.45     77576   5164140   8325744      3.13   2038832   6378948        60
10时29分27秒 253993772 257730280   3813588      1.45     77584   5164212   8346888      3.14   2038828   6393008        60
10时29分28秒 253990620 257727128   3816704      1.45     77584   5164240   8346916      3.14   2038828   6398508        60
10时29分29秒 253988132 257724652   3819128      1.45     77584   5164304   8346976      3.14   2038824   6399908        64
10时29分30秒 253989580 257729188   3814524      1.45     77584   5167392   8300608      3.12   2041880   6367360       564
10时29分31秒 253992628 257732236   3811452      1.45     77584   5167384   8323084      3.13   2041872   6372292        68
10时29分32秒 253993896 257733504   3810012      1.45     77584   5167556   8323144      3.13   2041872   6375684        68
10时29分33秒 253989132 257728748   3814616      1.45     77592   5167708   8345936      3.14   2041876   6391900        68
10时29分34秒 253987612 257727228   3816068      1.45     77592   5167776   8346228      3.14   2041864   6396056        68
10时29分35秒 253984752 257724372   3818792      1.45     77592   5167896   8346508      3.14   2041872   6399168        40
10时29分36秒 253981696 257721316   3821724      1.45     77592   5168012   8357360      3.15   2041868   6398184        44
10时29分37秒 253985304 257728004   3814980      1.45     77592   5171052   8333536      3.14   2044880   6375044        44
10时29分38秒 253984272 257726984   3816004      1.45     77604   5171096   8333528      3.14   2044904   6385416        64
10时29分39秒 253991844 257734556   3808388      1.44     77604   5171148   8338188      3.14   2044904   6382744        64
10时29分40秒 253983764 257726480   3816456      1.45     77604   5171160   8343696      3.14   2044904   6395008        68
10时29分41秒 253981676 257724392   3818540      1.45     77604   5171164   8343708      3.14   2044912   6398100        68
10时29分42秒 253986480 257729196   3813716      1.45     77608   5171180   8323700      3.13   2044896   6381656        68
10时29分43秒 253986772 257732544   3810300      1.45     77612   5174208   8323036      3.13   2047912   6363504        72
10时29分44秒 253986016 257731800   3810984      1.45     77612   5174280   8323396      3.13   2047924   6373876        72
10时29分45秒 253990032 257735816   3806876      1.44     77612   5174372   8336584      3.14   2047920   6381428        72
10时29分46秒 253981512 257727296   3815372      1.45     77612   5174388   8344104      3.14   2047924   6393828        72
10时29分47秒 253976684 257722468   3820196      1.45     77612   5174392   8344112      3.14   2047940   6397644        72
10时29分48秒 253976000 257721792   3820868      1.45     77620   5174396   8344124      3.14   2047924   6398108        72
10时29分49秒 253975724 257721516   3821128      1.45     77620   5174404   8359620      3.15   2047928   6401108        72
10时29分50秒 253981852 257730712   3811964      1.45     77620   5177436   8323276      3.13   2050928   6361100        80
10时29分51秒 253980528 257729388   3813228      1.45     77620   5177496   8323752      3.13   2050920   6375028        80
10时29分52秒 253983324 257732184   3810376      1.45     77620   5177552   8337876      3.14   2050924   6383624        80
10时29分53秒 253976064 257724932   3817616      1.45     77628   5177580   8344696      3.14   2050936   6394956        80
10时29分54秒 253972276 257721144   3821404      1.45     77628   5177580   8344912      3.14   2050936   6397328        80
10时29分55秒 253974456 257726380   3816100      1.45     77628   5180608   8309668      3.13   2053932   6374044       544
10时29分56秒 253977740 257729664   3812820      1.45     77628   5180604   8326964      3.13   2053920   6374372        32
10时29分57秒 253976668 257728592   3813772      1.45     77628   5180724   8327600      3.13   2053936   6379680        32
10时29分58秒 253976332 257728264   3814088      1.45     77636   5180728   8345076      3.14   2053932   6391612        64
10时29分59秒 253973472 257725404   3816880      1.45     77636   5180796   8345116      3.14   2053940   6397248        64
10时30分00秒 253971180 257723112   3819100      1.45     77636   5180868   8345616      3.14   2053952   6398020        68
10时30分01秒 253970360 257725316   3817344      1.45     77636   5183444   8305524      3.13   2056464   6372020       568
10时30分02秒 253972968 257727944   3814096      1.45     77636   5183920   8325956      3.13   2056932   6374016       232
10时30分03秒 253980440 257735416   3806352      1.44     77644   5184176   8314664      3.13   2056940   6368096       256
10时30分04秒 253971092 257726076   3815684      1.45     77644   5184184   8343608      3.14   2056948   6392136       256
10时30分05秒 253969612 257724596   3817148      1.45     77644   5184200   8343816      3.14   2056956   6396648       260
10时30分06秒 253968824 257723812   3817928      1.45     77644   5184208   8343824      3.14   2056948   6396716       228
10时30分07秒 253966248 257724260   3817976      1.45     77644   5186736   8310504      3.13   2059464   6375052       232
10时30分08秒 253968988 257727028   3814652      1.45     77656   5187208   8328428      3.13   2059936   6376776       256
10时30分09秒 253968972 257727020   3814560      1.45     77656   5187284   8328444      3.13   2059928   6380548       256
10时30分10秒 253968736 257726784   3814756      1.45     77656   5187316   8342552      3.14   2059932   6391524       256
10时30分11秒 253963908 257721956   3819560      1.45     77656   5187332   8342780      3.14   2059944   6396268       260
10时30分12秒 253962948 257721000   3820524      1.45     77656   5187328   8342784      3.14   2059936   6395208       260
10时30分13秒 253961428 257722512   3819512      1.45     77664   5189852   8314736      3.13   2062460   6379000       260
10时30分14秒 253962696 257723776   3817688      1.45     77664   5190308   8330856      3.14   2062912   6380300       260
10时30分15秒 253965240 257726320   3815064      1.45     77664   5190380   8330864      3.14   2062904   6383696       260
10时30分16秒 253968232 257729316   3812028      1.45     77664   5190416   8342312      3.14   2062900   6391464        20
10时30分17秒 253963364 257724448   3816892      1.45     77664   5190420   8342520      3.14   2062908   6395608        20
10时30分18秒 253961624 257722712   3818616      1.45     77672   5190428   8342536      3.14   2062908   6396432        60
10时30分19秒 253965396 257726488   3814800      1.45     77672   5190440   8334228      3.14   2062912   6391152        60
10时30分20秒 253965320 257729436   3811808      1.45     77672   5193432   8327424      3.13   2065872   6367212        68
10时30分21秒 253964328 257728444   3812812      1.45     77672   5193452   8327512      3.13   2065888   6377876        44
10时30分22秒 253968184 257732300   3808888      1.45     77672   5193520   8337180      3.14   2065876   6381852        52
10时30分23秒 253960592 257724720   3816396      1.45     77684   5193592   8342592      3.14   2065896   6392776        64
10时30分24秒 253942072 257706200   3834884      1.45     77684   5193624   8345044      3.14   2065888   6414240        64
10时30分25秒 253939792 257703920   3837128      1.46     77684   5193660   8345520      3.14   2065896   6416284        64
10时30分26秒 253938856 257706012   3835528      1.46     77684   5196196   8307412      3.13   2068408   6390492        68
10时30分27秒 253943156 257710312   3830640      1.45     77684   5196660   8331744      3.14   2068848   6396960        68
10时30分28秒 253941204 257708368   3832452      1.45     77692   5196784   8331784      3.14   2068856   6400556        92
10时30分29秒 253962608 257729772   3810960      1.45     77692   5196872   8340576      3.14   2068868   6389036        92
10时30分30秒 253959828 257726992   3813700      1.45     77692   5196896   8340716      3.14   2068856   6393756        92
10时30分31秒 253960136 257727304   3813392      1.45     77692   5196896   8340888      3.14   2068844   6394144        96
10时30分32秒 253957260 257727452   3813724      1.45     77692   5199440   8299688      3.12   2071384   6368752        96
10时30分33秒 253961048 257731220   3809372      1.45     77700   5199904   8321700      3.13   2071812   6371088        96
10时30分34秒 253961444 257731624   3808900      1.45     77700   5199972   8321740      3.13   2071812   6374968        96
10时30分35秒 253959568 257729748   3810732      1.45     77700   5200024   8340884      3.14   2071824   6390704        96
10时30分36秒 253959696 257729876   3810584      1.45     77700   5200044   8341052      3.14   2071812   6393304        96
10时30分37秒 253958032 257728212   3812228      1.45     77700   5200064   8341064      3.14   2071816   6395368       100
10时30分38秒 253960112 257730292   3810124      1.45     77708   5200080   8333420      3.14   2071816   6388984       100
10时30分39秒 253959772 257732948   3807360      1.44     77708   5203028   8321712      3.13   2074764   6361156       100
10时30分40秒 253959512 257732688   3807604      1.44     77708   5203044   8322388      3.13   2074760   6371344       100
10时30分41秒 253961616 257734792   3805420      1.44     77708   5203124   8337048      3.14   2074756   6380480       100
10时30分42秒 253956836 257730016   3810080      1.45     77708   5203244   8341732      3.14   2074764   6392088       104
10时30分43秒 253954212 257727400   3812672      1.45     77716   5203268   8341992      3.14   2074776   6395656       104
10时30分44秒 253954300 257727488   3812540      1.45     77716   5203312   8342060      3.14   2074756   6395980       104
10时30分45秒 253953236 257729452   3811052      1.45     77716   5205864   8302416      3.12   2077284   6368528       108
10时30分46秒 253956828 257733008   3806928      1.44     77716   5206288   8323884      3.13   2077692   6373020       108
10时30分47秒 253957008 257733188   3806676      1.44     77716   5206360   8324000      3.13   2077704   6376652       108
10时30分48秒 253953504 257729692   3810016      1.45     77724   5206492   8343396      3.14   2077692   6392132       108
10时30分49秒 253948304 257724492   3815196      1.45     77724   5206504   8343772      3.14   2077696   6397016       108
10时30分50秒 253945548 257721736   3817808      1.45     77724   5206632   8343868      3.14   2077704   6397436       108
10时30分51秒 253948888 257728100   3811912      1.45     77724   5209236   8306736      3.13   2080236   6374308       108
10时30分52秒 253951628 257730800   3808664      1.44     77724   5209668   8326132      3.13   2080636   6374892         0
10时30分53秒 253950068 257729260   3810072      1.45     77736   5209804   8326192      3.13   2080656   6379024        56
10时30分54秒 253949312 257728504   3810784      1.45     77736   5209888   8341456      3.14   2080652   6391320        60
10时30分55秒 253947196 257726380   3812916      1.45     77736   5209888   8341604      3.14   2080652   6394456        64
10时30分56秒 253945108 257724296   3815044      1.45     77736   5209904   8341676      3.14   2080652   6394516        64
10时30分57秒 253948408 257727600   3811736      1.45     77736   5209912   8329796      3.14   2080656   6387520        68
10时30分58秒 253945580 257727760   3811508      1.45     77744   5212852   8327592      3.13   2083580   6368488        72
10时30分59秒 253945208 257727388   3811852      1.45     77744   5212880   8327848      3.13   2083584   6377708        72
10时31分00秒 253947600 257729780   3809428      1.45     77744   5212908   8337260      3.14   2083564   6382488        72
10时31分01秒 253944176 257726352   3812728      1.45     77744   5213020   8342452      3.14   2083576   6394976        72
10时31分02秒 253940444 257722620   3816444      1.45     77744   5213036   8342696      3.14   2083580   6395576        76
10时31分03秒 253941868 257724052   3814988      1.45     77752   5213060   8342708      3.14   2083608   6396628        76
10时31分04秒 253944648 257727336   3811660      1.45     77752   5213568   8304740      3.13   2084100   6371092       580
10时31分05秒 253947128 257732276   3806672      1.44     77752   5215984   8325028      3.13   2086504   6363640        76
10时31分06秒 253947584 257732732   3806132      1.44     77752   5216068   8325416      3.13   2086496   6376528        76
10时31分07秒 253947624 257732772   3806060      1.44     77752   5216100   8338008      3.14   2086500   6381572        80
10时31分08秒 253942764 257727912   3810876      1.45     77760   5216132   8341668      3.14   2086504   6392928        80
10时31分09秒 253941160 257726316   3812460      1.45     77760   5216152   8341680      3.14   2086496   6395252        80
10时31分10秒 253939648 257726316   3812016      1.45     77760   5218176   8305128      3.13   2087008   6374408      2096
10时31分11秒 253940252 257728368   3810412      1.45     77760   5219080   8325432      3.13   2089404   6365164        84
10时31分12秒 253941804 257729920   3808816      1.44     77760   5219124   8325480      3.13   2089408   6377480        84
10时31分13秒 253945348 257733472   3805260      1.44     77768   5219128   8338116      3.14   2089412   6382640        84
10时31分14秒 253940916 257729040   3809688      1.45     77768   5219132   8342308      3.14   2089400   6393004        84
10时31分15秒 253940788 257728908   3809816      1.45     77768   5219132   8342500      3.14   2089416   6395996        84
10时31分16秒 253941460 257729580   3809136      1.45     77768   5219132   8342500      3.14   2089400   6394452        84
10时31分17秒 253938348 257729432   3809236      1.45     77768   5222060   8327644      3.13   2092324   6366532        88
10时31分18秒 253940700 257731792   3806876      1.44     77776   5222060   8323988      3.13   2092328   6371740        88
10时31分19秒 253942236 257733328   3805324      1.44     77776   5222068   8338364      3.14   2092320   6384140        88
10时31分20秒 253938212 257729304   3809312      1.45     77776   5222092   8341904      3.14   2092324   6392920        88
10时31分21秒 253933928 257725020   3813588      1.45     77776   5222100   8342804      3.14   2092332   6395848        88
10时31分22秒 253934500 257728564   3809988      1.45     77776   5225020   8330128      3.14   2095232   6368548        92
10时31分23秒 253937004 257731080   3807460      1.44     77788   5225032   8326620      3.13   2095244   6374900        64
10时31分24秒 253939020 257733096   3805380      1.44     77788   5225088   8339684      3.14   2095244   6385644        68
10时31分25秒 253932128 257726204   3812176      1.45     77788   5225176   8343176      3.14   2095264   6393240        68
10时31分26秒 253928548 257722624   3815624      1.45     77788   5225272   8343444      3.14   2095256   6397444        68
10时31分27秒 253930256 257726780   3811376      1.45     77788   5227760   8309936      3.13   2097652   6369508       492
10时31分28秒 253931500 257728560   3809536      1.45     77796   5228252   8335108      3.14   2098164   6375184        12
10时31分29秒 253936256 257733316   3804696      1.44     77796   5228336   8326568      3.13   2098172   6372572        16
10时31分30秒 253932296 257729360   3808656      1.44     77796   5228336   8349020      3.14   2098144   6391200        16
10时31分31秒 253930028 257727092   3810912      1.45     77796   5228348   8349676      3.14   2098168   6394140        16
10时31分32秒 253926436 257726524   3811956      1.45     77796   5230896   8312064      3.13   2100680   6372848        16
10时31分33秒 253932296 257732336   3805576      1.44     77804   5231296   8332684      3.14   2101084   6372960        60
10时31分34秒 253933320 257733360   3804540      1.44     77804   5231308   8332892      3.14   2101072   6377500        60
10时31分35秒 253931052 257731092   3806760      1.44     77804   5231356   8348476      3.14   2101080   6390904        60
10时31分36秒 253926432 257726472   3811368      1.45     77804   5231356   8348480      3.14   2101076   6393568        60
10时31分37秒 253924404 257727468   3810852      1.45     77808   5233888   8317908      3.13   2103596   6377288       564
10时31分38秒 253927128 257730124   3807628      1.44     77816   5234280   8335656      3.14   2103984   6372944        72
10时31分39秒 253926120 257729120   3808560      1.44     77816   5234348   8336196      3.14   2103992   6379888        72
10时31分40秒 253927184 257730184   3807476      1.44     77816   5234360   8345276      3.14   2103984   6387684        72
10时31分41秒 253923396 257726396   3811256      1.45     77816   5234368   8349004      3.14   2103980   6393492        72
10时31分42秒 253920460 257726484   3811636      1.45     77816   5236896   8318040      3.13   2106500   6374436      1080
10时31分43秒 253921340 257727284   3810268      1.45     77824   5237272   8336068      3.14   2106872   6367588        76
10时31分44秒 253922304 257728252   3809208      1.45     77824   5237312   8336344      3.14   2106860   6380868       324
10时31分45秒 253924428 257730376   3807048      1.44     77824   5237356   8345648      3.14   2106876   6382912       324
10时31分46秒 253921660 257727608   3809748      1.45     77824   5237392   8348068      3.14   2106876   6391612       324
10时31分47秒 253919840 257725788   3811552      1.45     77824   5237396   8348076      3.14   2106880   6392868       324
10时31分48秒 253918080 257727052   3810852      1.45     77832   5239916   8312256      3.13   2109392   6372636       352
10时31分49秒 253921860 257730748   3806656      1.44     77832   5240288   8332516      3.14   2109740   6373236       356
10时31分50秒 253921664 257730552   3806832      1.44     77832   5240308   8332736      3.14   2109744   6375960       356
10时31分51秒 253921176 257730064   3807268      1.44     77832   5240360   8345876      3.14   2109752   6386516       356
10时31分52秒 253916836 257725724   3811596      1.45     77832   5240372   8349256      3.14   2109748   6394336       356
10时31分53秒 253914104 257722992   3814308      1.45     77848   5240376   8349256      3.14   2109748   6394884       388
10时31分54秒 253915288 257727208   3810668      1.45     77848   5242896   8314004      3.13   2112272   6371788       364
10时31分55秒 253917876 257729696   3807648      1.44     77848   5243256   8333608      3.14   2112632   6375556       368
10时31分56秒 253917032 257728852   3808468      1.44     77848   5243280   8333660      3.14   2112628   6376704       368
10时31分57秒 253917740 257729560   3807660      1.44     77848   5243380   8344868      3.14   2112628   6386456       368
10时31分58秒 253916264 257728084   3809108      1.45     77860   5243396   8348676      3.14   2112620   6393372       384
10时31分59秒 253916044 257727864   3809360      1.45     77860   5243412   8348716      3.14   2112628   6394352       388
10时32分00秒 253917900 257729732   3807476      1.44     77860   5243440   8344768      3.14   2112636   6391796       392
10时32分01秒 253917724 257732476   3804704      1.44     77860   5246328   8332716      3.14   2115500   6364608       392
10时32分02秒 253917652 257732404   3804768      1.44     77860   5246336   8333132      3.14   2115500   6375740       392
10时32分03秒 253916596 257731348   3805820      1.44     77868   5246332   8346468      3.14   2115516   6385144       264
10时32分04秒 253913100 257727860   3809232      1.45     77868   5246412   8349472      3.14   2115500   6391992       268
10时32分05秒 253910304 257725064   3811984      1.45     77868   5246448   8349440      3.14   2115508   6395336       272
10时32分06秒 253907092 257724772   3812196      1.45     77868   5249360   8320900      3.13   2118372   6376268       604
10时32分07秒 253908548 257726232   3810712      1.45     77868   5249364   8338608      3.14   2118392   6378600       272
10时32分08秒 253908272 257725956   3810972      1.45     77868   5249380   8338624      3.14   2118380   6382896       272
10时32分09秒 253910272 257727964   3808916      1.45     77876   5249404   8349400      3.14   2118396   6390104       312
10时32分10秒 253906532 257724228   3812644      1.45     77876   5249424   8349404      3.14   2118400   6394412       316
10时32分11秒 253904896 257722592   3814276      1.45     77876   5249428   8349408      3.14   2118392   6394616       316
10时32分12秒 253902832 257723448   3813360      1.45     77876   5252300   8312880      3.13   2121248   6374204       320
10时32分13秒 253905368 257725984   3810816      1.45     77876   5252308   8336920      3.14   2121248   6378196       320
10时32分14秒 253905016 257725632   3811224      1.45     77884   5252340   8336920      3.14   2121256   6382536       320
10时32分15秒 253908712 257729328   3807488      1.44     77884   5252380   8349328      3.14   2121240   6390344       324
10时32分16秒 253904476 257725104   3811692      1.45     77884   5252412   8349540      3.14   2121244   6394312       324
10时32分17秒 253903404 257724032   3812740      1.45     77884   5252428   8349560      3.14   2121260   6395144       324
10时32分18秒 253898592 257721748   3815000      1.45     77884   5254956   8316948      3.13   2123760   6374872       324
10时32分19秒 253904232 257727772   3808936      1.45     77892   5255292   8335916      3.14   2124084   6376640        80
10时32分20秒 253903420 257726960   3809732      1.45     77892   5255328   8335928      3.14   2124096   6379408        80
10时32分21秒 253905200 257728740   3807932      1.44     77892   5255348   8348508      3.14   2124096   6390440        80
10时32分22秒 253902104 257725644   3810992      1.45     77892   5255384   8348540      3.14   2124104   6394084        80
10时32分23秒 253898884 257722424   3814160      1.45     77892   5255420   8348968      3.14   2124104   6394604        80
10时32分24秒 253900616 257724164   3812364      1.45     77900   5255468   8345436      3.14   2124108   6389912        56
10时32分25秒 253903452 257729896   3806556      1.44     77900   5258336   8331108      3.14   2126944   6361336        60
10时32分26秒 253904876 257731320   3805116      1.44     77900   5258344   8331528      3.14   2126936   6375572        60
10时32分27秒 253904796 257731240   3805196      1.44     77900   5258344   8346288      3.14   2126932   6383316        60
10时32分28秒 253900316 257726760   3809628      1.45     77900   5258368   8350688      3.14   2126928   6394284        60
10时32分29秒 253898068 257724512   3811848      1.45     77912   5258380   8350696      3.14   2126936   6397016        68
10时32分30秒 253897700 257724148   3812192      1.45     77912   5258404   8350712      3.14   2126932   6395792        72
10时32分31秒 253896484 257725856   3810460      1.45     77912   5261276   8340244      3.14   2129796   6372644        72
10时32分32秒 253897448 257726820   3809492      1.45     77912   5261280   8336216      3.14   2129804   6376768        72
10时32分33秒 253900812 257730184   3806104      1.44     77912   5261304   8345804      3.14   2129804   6382804        76
10时32分34秒 253899640 257729016   3807200      1.44     77920   5261372   8349424      3.14   2129792   6392760        68
10时32分35秒 253896820 257726204   3810012      1.45     77920   5261380   8349680      3.14   2129816   6395404        72
10时32分36秒 253892572 257721960   3814240      1.45     77920   5261392   8368232      3.15   2129820   6398156        76
10时32分37秒 253896784 257729084   3807024      1.44     77920   5264276   8331868      3.14   2132676   6363124        76
10时32分38秒 253896760 257729064   3806968      1.44     77920   5264324   8332208      3.14   2132664   6374804        76
10时32分39秒 253896460 257728764   3807224      1.44     77928   5264360   8346408      3.14   2132672   6382424        24
10时32分40秒 253894824 257727128   3808848      1.44     77928   5264372   8348120      3.14   2132660   6392364        24
10时32分41秒 253894160 257726464   3809500      1.45     77928   5264376   8348460      3.14   2132668   6393708        28
10时32分42秒 253891900 257727108   3808788      1.44     77928   5267236   8310424      3.13   2135524   6370816        28
10时32分43秒 253895380 257730588   3805280      1.44     77928   5267248   8331540      3.14   2135532   6366624        28
10时32分44秒 253895812 257731028   3804780      1.44     77936   5267316   8331712      3.14   2135524   6377312        56
10时32分45秒 253895080 257730296   3805528      1.44     77936   5267328   8346656      3.14   2135524   6390724        56
10时32分46秒 253890600 257725816   3809996      1.45     77936   5267340   8349948      3.14   2135528   6394432        60
10时32分47秒 253889672 257724892   3810908      1.45     77936   5267356   8349964      3.14   2135540   6395056        60
10时32分48秒 253886876 257725120   3811244      1.45     77936   5269888   8314760      3.13   2138052   6372380       564
10时32分49秒 253889996 257728112   3807676      1.44     77944   5270220   8334116      3.14   2138380   6376580        72
10时32分50秒 253887632 257725748   3809988      1.45     77944   5270240   8334116      3.14   2138368   6377664       132
10时32分51秒 253888592 257726716   3809000      1.45     77944   5270268   8348164      3.14   2138392   6391320       132
10时32分52秒 253888900 257727028   3808668      1.44     77944   5270292   8348648      3.14   2138376   6393988       136
10时32分53秒 253886360 257724488   3811188      1.45     77944   5270312   8349012      3.14   2138380   6395676       136
10时32分54秒 253888824 257729832   3805804      1.44     77952   5273160   8333656      3.14   2141212   6362956       148
10时32分55秒 253887656 257728664   3806972      1.44     77952   5273160   8330072      3.14   2141216   6368164       120
10时32分56秒 253887704 257728712   3806876      1.44     77952   5273208   8345704      3.14   2141212   6381652       128
10时32分57秒 253884404 257725412   3810152      1.45     77952   5273232   8347508      3.14   2141212   6392792       128
10时32分58秒 253882232 257723240   3812308      1.45     77952   5273248   8347676      3.14   2141188   6394132       128
10时32分59秒 253882688 257723700   3811848      1.45     77964   5273264   8345912      3.14   2141220   6391828       136
10时33分00秒 253884900 257728792   3806680      1.44     77964   5276116   8329904      3.14   2144032   6361228       140
10时33分01秒 253882656 257726568   3808908      1.45     77964   5276116   8329912      3.14   2144048   6367532       140
10时33分02秒 253883232 257727136   3808344      1.44     77964   5276120   8345428      3.14   2144040   6383652       140
10时33分03秒 253880696 257724600   3810816      1.45     77964   5276184   8349116      3.14   2144052   6393408       140
10时33分04秒 253878860 257722764   3812616      1.45     77972   5276212   8349516      3.14   2144040   6394752       140
10时33分05秒 253877828 257724764   3811104      1.45     77972   5278756   8318132      3.13   2146580   6378156       136
10时33分06秒 253880468 257727260   3808056      1.44     77972   5279076   8335704      3.14   2146872   6374472       144
10时33分07秒 253878120 257724912   3810360      1.45     77972   5279112   8335732      3.14   2146896   6377900       144
10时33分08秒 253878936 257725728   3809480      1.45     77972   5279168   8348672      3.14   2146876   6389104       144
10时33分09秒 253877480 257724272   3810924      1.45     77980   5279172   8348816      3.14   2146868   6393544       156
10时33分10秒 253877276 257724068   3811148      1.45     77980   5279176   8348820      3.14   2146868   6394568       156
10时33分11秒 253875140 257724824   3810356      1.45     77980   5282016   8314336      3.13   2149712   6369256       160
10时33分12秒 253873668 257723352   3811820      1.45     77980   5282016   8338640      3.14   2149708   6375924       160
10时33分13秒 253878140 257727824   3807268      1.44     77980   5282080   8330344      3.14   2149700   6374356       160
10时33分14秒 253874792 257724476   3810576      1.45     77988   5282104   8351504      3.14   2149700   6395328       160
10时33分15秒 253872260 257721952   3813112      1.45     77988   5282100   8351504      3.14   2149716   6397196        96
10时33分16秒 253876320 257728868   3806204      1.44     77988   5284932   8310196      3.13   2152528   6366624        96
10时33分17秒 253880056 257732608   3802440      1.44     77988   5284960   8331316      3.14   2152536   6369464       100
10时33分18秒 253880400 257732952   3802072      1.44     77988   5284976   8327908      3.13   2152528   6369908       100
10时33分19秒 253876124 257728676   3806292      1.44     77996   5285024   8347372      3.14   2152532   6390896       132
10时33分20秒 253875204 257727764   3807180      1.44     77996   5285056   8347784      3.14   2152540   6393608       132
10时33分21秒 253873188 257728604   3806284      1.44     77996   5287896   8309552      3.13   2155356   6365388        64
10时33分22秒 253871716 257727132   3807756      1.44     77996   5287896   8335304      3.14   2155344   6371092        68
10时33分23秒 253872652 257728068   3806792      1.44     77996   5287924   8332480      3.14   2155344   6375300        68
10时33分24秒 253868408 257723824   3810904      1.45     78004   5288032   8351176      3.14   2155340   6395640        76
10时33分25秒 253867136 257722560   3812132      1.45     78004   5288068   8351332      3.14   2155356   6398148        48
10时33分26秒 253866580 257722004   3812640      1.45     78004   5288108   8347796      3.14   2155344   6395220        52
10时33分27秒 253870012 257728292   3806268      1.44     78004   5290936   8331064      3.14   2158156   6364352        56
10时33分28秒 253872036 257730316   3804200      1.44     78004   5290956   8331336      3.14   2158140   6369620        56
10时33分29秒 253872480 257730760   3803728      1.44     78016   5290980   8345812      3.14   2158148   6382736        64
10时33分30秒 253868952 257727244   3807220      1.44     78016   5291008   8347504      3.14   2158160   6391440        64
10时33分31秒 253867180 257725472   3809028      1.45     78016   5291012   8347504      3.14   2158164   6394176        64
10时33分32秒 253866856 257725148   3809344      1.45     78016   5291020   8310680      3.13   2158160   6371684        68
10时33分33秒 253868700 257729832   3804628      1.44     78016   5293820   8331440      3.14   2160960   6363656        68
10时33分34秒 253869472 257730604   3803852      1.44     78024   5293816   8331636      3.14   2160936   6370708        68
10时33分35秒 253869504 257730636   3803800      1.44     78024   5293836   8345656      3.14   2160944   6384244        68
10时33分36秒 253866976 257728116   3806320      1.44     78024   5293844   8347132      3.14   2160948   6392104        64
10时33分37秒 253865260 257726404   3808032      1.44     78024   5293848   8347136      3.14   2160944   6393512        72
10时33分38秒 253863280 257724428   3809988      1.45     78024   5293856   8343604      3.14   2160952   6389488        76
10时33分39秒 253864652 257728652   3805688      1.44     78032   5296668   8330124      3.14   2163740   6361172        76
10时33分40秒 253864912 257728920   3805424      1.44     78032   5296672   8330080      3.14   2163748   6366540        76
10时33分41秒 253861524 257725532   3808788      1.44     78032   5296688   8345608      3.14   2163756   6384008        76
10时33分42秒 253858744 257722756   3811504      1.45     78032   5296736   8347364      3.14   2163748   6392260        80
10时33分43秒 253860336 257724348   3809900      1.45     78032   5296740   8347368      3.14   2163768   6393632        80
10时33分44秒 253859628 257723640   3810596      1.45     78040   5296744   8343620      3.14   2163740   6391500        80
10时33分45秒 253862156 257729004   3805272      1.44     78040   5299540   8330056      3.14   2166548   6363972        80
10时33分46秒 253861456 257728304   3805964      1.44     78040   5299548   8330300      3.14   2166524   6372648        80
10时33分47秒 253860936 257727792   3806448      1.44     78048   5299576   8345176      3.14   2166552   6384496        84
10时33分48秒 253856872 257723728   3810496      1.45     78048   5299592   8346284      3.14   2166540   6392064        84
10时33分49秒 253856344 257723204   3811012      1.45     78048   5299604   8346488      3.14   2166544   6392712        84
10时33分50秒 253856708 257723568   3810644      1.45     78048   5299608   8344672      3.14   2166528   6391024        84
10时33分51秒 253859920 257729592   3804572      1.44     78048   5302380   8330168      3.14   2169300   6362924        36
10时33分52秒 253859740 257729384   3804820      1.44     78048   5302400   8330612      3.14   2169292   6370056        36
10时33分53秒 253859312 257728956   3805228      1.44     78056   5302412   8352936      3.14   2169304   6382892        68
10时33分54秒 253856980 257726632   3807508      1.44     78056   5302432   8354800      3.14   2169292   6392320        68
10时33分55秒 253855744 257725396   3808732      1.44     78056   5302444   8355032      3.14   2169312   6393464        68
10时33分56秒 253854304 257726984   3807632      1.44     78056   5304976   8318348      3.13   2171820   6370476       552
10时33分57秒 253857020 257729480   3804540      1.44     78056   5305248   8339596      3.14   2172060   6371172        52
10时33分58秒 253859312 257731772   3802228      1.44     78068   5305256   8336948      3.14   2172052   6371052        60
10时33分59秒 253856756 257729228   3804696      1.44     78068   5305344   8354692      3.14   2172068   6390496        60
10时34分00秒 253855016 257727488   3806364      1.44     78068   5305408   8355072      3.14   2172072   6392748        60
10时34分01秒 253856292 257728764   3805048      1.44     78068   5305448   8351404      3.14   2172072   6390956        60
10时34分02秒 253852244 257727556   3806160      1.44     78072   5308284   8341084      3.14   2174832   6366384        64
10时34分03秒 253850612 257725932   3807768      1.44     78080   5308300   8341324      3.14   2174848   6373360        68
10时34分04秒 253851976 257727296   3806404      1.44     78080   5308300   8353820      3.14   2174836   6384320        68
10时34分05秒 253849972 257725292   3808412      1.44     78080   5308320   8355624      3.14   2174852   6391440        68
10时34分06秒 253847460 257722780   3810916      1.45     78080   5308320   8355828      3.14   2174868   6393612        68
10时34分07秒 253846372 257721692   3811988      1.45     78080   5308328   8352384      3.14   2174848   6390928        68
10时34分08秒 253849664 257727824   3805796      1.44     78088   5311112   8340312      3.14   2177628   6365264        72
10时34分09秒 253851132 257729292   3804388      1.44     78088   5311132   8340736      3.14   2177632   6370296        72
10时34分10秒 253852336 257730504   3803136      1.44     78088   5311172   8353220      3.14   2177616   6381828        76
10时34分11秒 253847184 257725352   3808268      1.44     78088   5311192   8355304      3.14   2177624   6392004        76
10时34分12秒 253846224 257724388   3809212      1.45     78088   5311216   8355316      3.14   2177632   6392760        72
10时34分13秒 253844516 257725488   3808092      1.44     78096   5313992   8316232      3.13   2180376   6369816       300
10时34分14秒 253848680 257729660   3803928      1.44     78096   5313992   8338228      3.14   2180376   6369748        84
10时34分15秒 253849572 257730552   3803004      1.44     78096   5314020   8338180      3.14   2180380   6372708        84
10时34分16秒 253847036 257728016   3805504      1.44     78096   5314056   8354984      3.14   2180384   6388932        84
10时34分17秒 253844940 257725920   3807584      1.44     78096   5314072   8354996      3.14   2180392   6392480        88
10时34分18秒 253841632 257722624   3810876      1.45     78104   5314080   8354996      3.14   2180392   6393276        88
10时34分19秒 253841932 257725740   3807676      1.44     78112   5316868   8320868      3.13   2183152   6368080       300
10时34分20秒 253843516 257727324   3806100      1.44     78112   5316868   8340696      3.14   2183152   6370948        88
10时34分21秒 253842884 257726692   3806668      1.44     78112   5316932   8353516      3.14   2183168   6383232        88
10时34分22秒 253840648 257724456   3808892      1.45     78112   5316936   8354780      3.14   2183148   6390884        92
10时34分23秒 253840688 257724496   3808844      1.44     78120   5316936   8355136      3.14   2183156   6393212       104
10时34分24秒 253839868 257723688   3809664      1.45     78120   5316936   8355136      3.14   2183148   6393732       104
10时34分25秒 253838224 257725068   3808788      1.44     78120   5319456   8322916      3.13   2185688   6375512       104
10时34分26秒 253842272 257728896   3804412      1.44     78120   5319704   8341124      3.14   2185900   6370572       108
10时34分27秒 253841372 257727996   3805256      1.44     78120   5319744   8341008      3.14   2185924   6376284         4
10时34分28秒 253840288 257726912   3806292      1.44     78132   5319748   8354852      3.14   2185900   6391244        48
10时34分29秒 253840636 257727272   3805968      1.44     78132   5319756   8355024      3.14   2185912   6392012        48
10时34分30秒 253838280 257724916   3808316      1.44     78132   5319756   8355024      3.14   2185912   6392856        48
10时34分31秒 253836908 257726632   3806964      1.44     78132   5322360   8316340      3.13   2188608   6365612       124
10时34分32秒 253840724 257730176   3802968      1.44     78132   5322520   8338304      3.14   2188660   6366608        56
10时34分33秒 253839400 257728852   3804256      1.44     78140   5322540   8353352      3.14   2188664   6383368        60
10时34分34秒 253834860 257724320   3808752      1.44     78140   5322584   8354940      3.14   2188668   6391712        60
10时34分35秒 253834388 257723848   3809216      1.45     78140   5322592   8354964      3.14   2188680   6393312        60
10时34分36秒 253831260 257720720   3812292      1.45     78140   5322628   8318636      3.13   2188672   6372528        60
10时34分37秒 253833024 257725280   3807680      1.44     78140   5325404   8338996      3.14   2191424   6364172        64
10时34分38秒 253832616 257724876   3808068      1.44     78148   5325416   8339228      3.14   2191412   6371780        64
10时34分39秒 253833020 257725288   3807660      1.44     78148   5325420   8353836      3.14   2191416   6386972        64
10时34分40秒 253830012 257722280   3810668      1.45     78148   5325420   8354772      3.14   2191428   6392244        64
10时34分41秒 253828900 257721168   3811760      1.45     78148   5325432   8354772      3.14   2191432   6393356        64
10时34分42秒 253829208 257724500   3808932      1.45     78148   5327944   8320524      3.13   2193952   6371840        64
10时34分43秒 253831656 257726716   3806152      1.44     78156   5328180   8339900      3.14   2194168   6373260        72
10时34分44秒 253832744 257727812   3805048      1.44     78156   5328188   8335440      3.14   2194176   6371680        72
10时34分45秒 253830184 257725252   3807584      1.44     78156   5328196   8354624      3.14   2194180   6390704        72
10时34分46秒 253829672 257724740   3808064      1.44     78156   5328204   8355024      3.14   2194168   6392660        72
10时34分47秒 253828900 257723968   3808820      1.44     78156   5328212   8355272      3.14   2194188   6393928        76
10时34分48秒 253826576 257723164   3809612      1.45     78164   5329736   8317664      3.13   2194688   6371960      1588
10时34分49秒 253828856 257726728   3805988      1.44     78164   5330972   8337848      3.14   2196932   6363616        76
10时34分50秒 253829424 257727296   3805388      1.44     78164   5330988   8338240      3.14   2196924   6368756        76
10时34分51秒 253829084 257726956   3805712      1.44     78164   5331004   8352808      3.14   2196936   6386816        76
10时34分52秒 253828832 257726708   3805948      1.44     78164   5331020   8354536      3.14   2196924   6392880        80
10时34分53秒 253827788 257725664   3806968      1.44     78172   5331028   8354540      3.14   2196932   6394424        84
10时34分54秒 253825324 257725992   3806608      1.44     78172   5333780   8341936      3.14   2199664   6366740        84
10时34分55秒 253828324 257728992   3803604      1.44     78172   5333784   8338372      3.14   2199664   6368452        84
10时34分56秒 253827064 257727732   3804824      1.44     78172   5333808   8352988      3.14   2199660   6382624        84
10时34分57秒 253824952 257725620   3806888      1.44     78180   5333832   8354364      3.14   2199672   6391872        88
10时34分58秒 253824136 257724820   3807652      1.44     78180   5333852   8354380      3.14   2199672   6393224        64
10时34分59秒 253820048 257723756   3809204      1.45     78180   5336380   8322112      3.13   2202196   6373920        64
10时35分00秒 253823704 257727164   3805208      1.44     78180   5336592   8341080      3.14   2202388   6374360        64
10时35分01秒 253824704 257728164   3804188      1.44     78180   5336604   8341096      3.14   2202396   6376600        64
10时35分02秒 253825052 257728528   3803768      1.44     78192   5336624   8353344      3.14   2202392   6387592       240
10时35分03秒 253822900 257726376   3805920      1.44     78192   5336624   8353604      3.14   2202408   6390608       180
10时35分04秒 253821712 257725188   3807108      1.44     78192   5336624   8353604      3.14   2202396   6391632       180
10时35分05秒 253819776 257726004   3806260      1.44     78192   5339340   8342360      3.14   2205108   6366648       188
10时35分06秒 253819516 257725744   3806496      1.44     78192   5339340   8338736      3.14   2205104   6370276       188
10时35分07秒 253819540 257725768   3806436      1.44     78200   5339368   8351244      3.14   2205104   6380336       248
10时35分08秒 253817816 257724056   3808136      1.44     78200   5339384   8352340      3.14   2205096   6389600       248
10时35分09秒 253815216 257721456   3810720      1.45     78200   5339392   8353164      3.14   2205116   6391132       248
10时35分10秒 253813468 257719704   3812436      1.45     78200   5339432   8353192      3.14   2205112   6392136       248
10时35分11秒 253811532 257720520   3811516      1.45     78200   5342188   8326864      3.13   2207808   6365732       252
10时35分12秒 253815540 257724532   3807508      1.44     78200   5342188   8338356      3.14   2207800   6368592       252
10时35分13秒 253815848 257724840   3807252      1.44     78208   5342200   8352364      3.14   2207808   6381472       248
10时35分14秒 253813904 257722904   3809184      1.45     78208   5342252   8353896      3.14   2207812   6391148       252
10时35分15秒 253813124 257722128   3809952      1.45     78208   5342264   8353904      3.14   2207816   6391904       256
10时35分16秒 253814124 257723128   3808940      1.45     78208   5342276   8353944      3.14   2207808   6392804       256
10时35分17秒 253810036 257721788   3810208      1.45     78208   5345024   8318332      3.13   2210516   6373124       420
10时35分18秒 253810500 257722264   3809716      1.45     78216   5345044   8342816      3.14   2210512   6377460       264
10时35分19秒 253810744 257722508   3809412      1.45     78216   5345096   8341940      3.14   2210524   6378304       264
10时35分20秒 253805436 257717200   3814692      1.45     78216   5345108   8357564      3.15   2210512   6394168       264
10时35分21秒 253804752 257716516   3815360      1.45     78216   5345108   8357564      3.15   2210508   6395832       264
10时35分22秒 253807428 257719192   3812680      1.45     78216   5345108   8353600      3.14   2210504   6392108       268
10时35分23秒 253813208 257727728   3804080      1.44     78224   5347828   8339368      3.14   2213228   6363592       268
10时35分24秒 253795560 257710088   3821696      1.45     78224   5347844   8341852      3.14   2213228   6389508       268
10时35分25秒 253793796 257708324   3823420      1.45     78224   5347852   8354164      3.14   2213240   6399816       268
10时35分26秒 253793432 257707960   3823744      1.45     78224   5347860   8355836      3.14   2213224   6409368       268
10时35分27秒 253789872 257704400   3827300      1.45     78224   5347864   8355836      3.14   2213232   6410092       272
10时35分28秒 253789804 257704336   3827284      1.45     78232   5347864   8355836      3.14   2213228   6409828       284
10时35分29秒 253803404 257720696   3810924      1.45     78232   5350572   8343296      3.14   2215932   6368416       256
10时35分30秒 253803184 257720476   3811144      1.45     78232   5350572   8343712      3.14   2215936   6375820       256
10时35分31秒 253803828 257721120   3810508      1.45     78232   5350564   8355464      3.14   2215940   6386356       256
10时35分32秒 253802372 257719664   3811936      1.45     78232   5350592   8356872      3.15   2215928   6395288       260
10时35分33秒 253800116 257717412   3814172      1.45     78244   5350600   8356880      3.15   2215944   6396320       104
10时35分34秒 253796596 257713892   3817676      1.45     78244   5350616   8356888      3.15   2215920   6395964       104
10时35分35秒 253800928 257720988   3810508      1.45     78244   5353340   8342812      3.14   2218660   6369444       108
10时35分36秒 253801952 257722004   3809588      1.45     78244   5353340   8342816      3.14   2218644   6373700       108
10时35分37秒 253801180 257721232   3810356      1.45     78244   5353344   8355996      3.15   2218652   6386052       108
10时35分38秒 253798360 257718412   3813132      1.45     78252   5353380   8357416      3.15   2218652   6394768       108
10时35分39秒 253796416 257716476   3815064      1.45     78252   5353384   8357684      3.15   2218664   6396548        20
10时35分40秒 253797700 257720524   3810948      1.45     78252   5356132   8343872      3.14   2221372   6368564        28
10时35分41秒 253796880 257719704   3811764      1.45     78252   5356136   8343904      3.14   2221360   6375392        28
10时35分42秒 253796320 257719144   3812288      1.45     78252   5356164   8354604      3.14   2221352   6384828        28
10时35分43秒 253795572 257718396   3813012      1.45     78260   5356180   8356300      3.15   2221372   6395456        60
10时35分44秒 253795400 257718224   3813164      1.45     78260   5356184   8356300      3.15   2221352   6394732        52
10时35分45秒 253800516 257726100   3805236      1.44     78260   5358908   8337816      3.14   2224084   6362996        60
10时35分46秒 253800060 257725648   3805768      1.44     78260   5358912   8337816      3.14   2224064   6372400        60
10时35分47秒 253800368 257725956   3805464      1.44     78260   5358908   8352736      3.14   2224076   6383292        60
10时35分48秒 253795820 257721408   3809892      1.45     78268   5358996   8354008      3.14   2224076   6392108        72
10时35分49秒 253793404 257720516   3810204      1.45     78268   5361040   8321776      3.13   2224600   6375904      2088
10时35分50秒 253794364 257722720   3808412      1.44     78268   5361740   8344892      3.14   2226776   6369668        76
10时35分51秒 253794376 257722736   3808384      1.44     78268   5361756   8344848      3.14   2226788   6377336        76
10时35分52秒 253796676 257725036   3806148      1.44     78268   5361764   8353764      3.14   2226772   6388540        76
10时35分53秒 253796392 257724752   3806424      1.44     78276   5361764   8353764      3.14   2226788   6391592        76
10时35分54秒 253785776 257716892   3814236      1.45     78276   5364468   8318752      3.13   2229472   6372468       232
10时35分55秒 253789068 257720184   3810936      1.45     78276   5364476   8343092      3.14   2229500   6376232        76
10时35分56秒 253790140 257721256   3809872      1.45     78276   5364476   8341136      3.14   2229468   6377660        76
10时35分57秒 253788864 257719984   3811204      1.45     78276   5364516   8357448      3.15   2229492   6394552        80
10时35分58秒 253788492 257719612   3811576      1.45     78284   5364532   8357328      3.15   2229480   6395204        80
10时35分59秒 253788536 257722400   3808748      1.44     78284   5367248   8317784      3.13   2232184   6367828       212
10时36分00秒 253792768 257726640   3804524      1.44     78284   5367240   8338528      3.14   2232192   6370080        56
10时36分01秒 253790112 257723980   3807160      1.44     78284   5367268   8352148      3.14   2232188   6382508        56
10时36分02秒 253789928 257723796   3807328      1.44     78284   5367284   8353228      3.14   2232184   6391508        60
10时36分03秒 253790888 257724756   3806356      1.44     78296   5367284   8353228      3.14   2232184   6391860        68
10时36分04秒 253787164 257723772   3807272      1.44     78296   5369980   8343248      3.14   2234864   6369300        68
10时36分05秒 253786484 257723104   3807948      1.44     78296   5369984   8343264      3.14   2234884   6374972        68
10时36分06秒 253786028 257722648   3808376      1.44     78296   5369996   8355140      3.14   2234872   6387200        68
10时36分07秒 253784288 257720908   3810048      1.45     78300   5370060   8356688      3.15   2234880   6395000        72
10时36分08秒 253784808 257721432   3809500      1.45     78304   5370108   8353116      3.14   2234868   6392684        72
10时36分09秒 253784880 257724240   3806700      1.44     78304   5372816   8342608      3.14   2237572   6366952        72
10时36分10秒 253784928 257724288   3806644      1.44     78304   5372824   8342644      3.14   2237580   6376312        72
10时36分11秒 253784204 257723564   3807340      1.44     78304   5372852   8355064      3.14   2237572   6386204        72
10时36分12秒 253780872 257720232   3810668      1.45     78304   5372856   8356756      3.15   2237560   6396004        76
10时36分13秒 253780084 257719448   3811448      1.45     78312   5372856   8356760      3.15   2237560   6395416        76
10时36分14秒 253780384 257722772   3808604      1.44     78312   5375400   8318160      3.13   2240072   6371992        76
10时36分15秒 253782068 257724164   3806668      1.44     78312   5375568   8342672      3.14   2240252   6378116        24
10时36分16秒 253783336 257725432   3805372      1.44     78312   5375596   8341788      3.14   2240240   6376468        24
10时36分17秒 253780756 257722852   3807916      1.44     78312   5375632   8355328      3.14   2240248   6393080        28
10时36分18秒 253779308 257721404   3809348      1.45     78320   5375640   8355332      3.14   2240244   6394036        60
10时36分19秒 253780228 257722840   3807420      1.44     78320   5376648   8319676      3.13   2240760   6373888      1068
10时36分20秒 253781080 257725908   3804796      1.44     78320   5378328   8342408      3.14   2242912   6371048        68
10时36分21秒 253781000 257725832   3804840      1.44     78320   5378364   8342456      3.14   2242928   6377412        68
10时36分22秒 253778828 257723660   3806972      1.44     78320   5378396   8356080      3.15   2242912   6389500        68
10时36分23秒 253776352 257721184   3809440      1.45     78328   5378416   8356088      3.15   2242920   6395572        72
10时36分24秒 253765764 257710604   3820028      1.45     78328   5378416   8367100      3.15   2242912   6402428        76
10时36分25秒 253770948 257718496   3812044      1.45     78332   5381100   8345676      3.14   2245596   6372344        80
10时36分26秒 253771004 257718556   3812052      1.45     78332   5381100   8345756      3.14   2245576   6378228        80
10时36分27秒 253773336 257720888   3809720      1.45     78332   5381100   8356608      3.15   2245600   6386908        80
10时36分28秒 253769240 257716800   3813764      1.45     78340   5381144   8357424      3.15   2245600   6395412        96
10时36分29秒 253770108 257717668   3812888      1.45     78340   5381152   8357444      3.15   2245604   6397168        96
10时36分30秒 253702204 257718684   3811284      1.45     78340   5448720   8324740      3.13   2249616   6440492     65108
10时36分31秒 253702740 257718944   3810532      1.45     78340   5448868   8346160      3.14   2249788   6446048     65108
10时36分32秒 253703300 257719504   3809960      1.45     78340   5448880   8343808      3.14   2249784   6442424     65108
10时36分33秒 253699204 257715420   3814016      1.45     78352   5448904   8359016      3.15   2249796   6460264     65140
10时36分34秒 253698520 257714736   3814696      1.45     78352   5448908   8359024      3.15   2249776   6460688     65140
10时36分35秒 253699456 257718696   3811240      1.45     78352   5451428   8320284      3.13   2252320   6437452     49156
10时36分36秒 253700544 257719428   3809976      1.45     78352   5451592   8343648      3.14   2252436   6441868     48664
10时36分37秒 253700372 257719256   3810148      1.45     78352   5451592   8343980      3.14   2252456   6444148     48664
10时36分38秒 253700404 257719300   3810100      1.45     78364   5451596   8358528      3.15   2252448   6456180     48712
10时36分39秒 253698464 257717360   3812032      1.45     78364   5451596   8358536      3.15   2252456   6460912     48712
10时36分40秒 253698536 257717436   3811956      1.45     78368   5451596   8354736      3.14   2252460   6457312       340
10时36分41秒 253694448 257716032   3813308      1.45     78368   5454264   8345236      3.14   2255124   6436840        68
10时36分42秒 253694528 257716112   3813224      1.45     78368   5454268   8345244      3.14   2255112   6441132        68
10时36分43秒 253694768 257716352   3812944      1.45     78380   5454272   8357024      3.15   2255120   6452516        76
10时36分44秒 253692208 257713804   3815540      1.45     78380   5454276   8357532      3.15   2255112   6460148        76
10时36分45秒 253691752 257713352   3815996      1.45     78380   5454284   8357540      3.15   2255136   6460536        80
10时36分46秒 253692768 257717392   3812456      1.45     78380   5456808   8320904      3.13   2257644   6437096        80
10时36分47秒 253693632 257717904   3811380      1.45     78380   5456936   8344000      3.14   2257748   6442336        80
10时36分48秒 253695284 257719556   3809724      1.45     78388   5456932   8364156      3.15   2257732   6450028        80
10时36分49秒 253691780 257716060   3813204      1.45     78388   5456956   8364812      3.15   2257744   6459132        80
10时36分50秒 253691300 257715580   3813664      1.45     78388   5456960   8364812      3.15   2257748   6459248        84
10时36分51秒 253692756 257717036   3812208      1.45     78388   5456960   8364812      3.15   2257752   6460184        84
10时36分52秒 253692020 257718960   3810208      1.45     78388   5459584   8354112      3.14   2260356   6436572        84
10时36分53秒 253689228 257716168   3812972      1.45     78404   5459588   8354112      3.14   2260360   6443664       120
10时36分54秒 253689088 257716028   3813096      1.45     78404   5459588   8363748      3.15   2260352   6451400       120
10时36分55秒 253687300 257714260   3814856      1.45     78404   5459616   8364796      3.15   2260384   6459312       124
10时36分56秒 253688116 257715080   3814028      1.45     78404   5459628   8364812      3.15   2260372   6459072       124
10时36分57秒 253689508 257716472   3812612      1.45     78404   5459644   8328924      3.13   2260388   6437440       124
10时36分58秒 253688928 257718556   3810480      1.45     78412   5462272   8351940      3.14   2262992   6432948       136
10时36分59秒 253690212 257719848   3809188      1.45     78412   5462280   8351944      3.14   2263000   6439908       136
10时37分00秒 253689276 257718912   3810116      1.45     78412   5462280   8364740      3.15   2263000   6454252       136
10时37分01秒 253687188 257716824   3812176      1.45     78412   5462292   8365260      3.15   2263004   6458796       136
10时37分02秒 253685432 257715068   3813916      1.45     78412   5462292   8365260      3.15   2262996   6459252       136
10时37分03秒 253688228 257720456   3808476      1.44     78420   5464928   8332276      3.14   2265232   6435540       224
10时37分04秒 253689432 257721672   3807272      1.44     78420   5464928   8352844      3.14   2265224   6442224       228
10时37分05秒 253688088 257720372   3808528      1.44     78420   5464952   8363264      3.15   2265604   6451016       140
10时37分06秒 253687200 257719484   3809412      1.45     78420   5464956   8363580      3.15   2265604   6456316       100
10时37分07秒 253688020 257720304   3808592      1.44     78420   5464956   8363756      3.15   2265608   6458280       104
10时37分08秒 253684948 257720248   3809168      1.45     78432   5467472   8332280      3.14   2268140   6440564       608
10时37分09秒 253684664 257719968   3809436      1.45     78432   5467480   8352772      3.14   2268144   6442988       612
10时37分10秒 253684656 257719572   3809240      1.45     78432   5467576   8351708      3.14   2268196   6442908       112
10时37分11秒 253683296 257718212   3810592      1.45     78432   5467588   8364616      3.15   2268212   6457340        16
10时37分12秒 253679812 257714728   3814060      1.45     78432   5467596   8364624      3.15   2268196   6458500        16
10时37分13秒 253679164 257714084   3814672      1.45     78440   5467616   8364632      3.15   2268204   6458528        52
10时37分14秒 253681644 257719192   3809548      1.45     78440   5470216   8352124      3.14   2270796   6434400        52
10时37分15秒 253682264 257719812   3808924      1.45     78440   5470220   8352136      3.14   2270808   6440040        52
10时37分16秒 253681852 257719464   3809220      1.45     78440   5470336   8364100      3.15   2270800   6455028        52
10时37分17秒 253678524 257716220   3812420      1.45     78440   5470456   8364276      3.15   2270808   6459012        52
10时37分18秒 253676412 257714116   3814524      1.45     78448   5470452   8364276      3.15   2270784   6458228        60
10时37分19秒 253676448 257716872   3811788      1.45     78448   5473056   8331708      3.14   2273412   6439360        60
10时37分20秒 253675116 257715540   3813120      1.45     78448   5473056   8352548      3.14   2273408   6437668        60
10时37分21秒 253676688 257717164   3811488      1.45     78448   5473108   8352568      3.14   2273416   6444216        60
10时37分22秒 253676532 257717068   3811544      1.45     78448   5473200   8365084      3.15   2273404   6456304        60
10时37分23秒 253675432 257715968   3812624      1.45     78456   5473204   8365264      3.15   2273416   6458380        64
10时37分24秒 253673824 257714492   3814096      1.45     78456   5473340   8365272      3.15   2273408   6461092        64
10时37分25秒 253674376 257717672   3810848      1.45     78456   5475968   8352776      3.14   2276012   6436880        68
10时37分26秒 253673456 257716752   3811752      1.45     78456   5475968   8352776      3.14   2276000   6440972        68
10时37分27秒 253674032 257717328   3811156      1.45     78456   5475964   8364096      3.15   2276004   6450464        68
10时37分28秒 253670108 257713412   3815044      1.45     78464   5475980   8365564      3.15   2275996   6459708        72
10时37分29秒 253669676 257712988   3815448      1.45     78464   5476000   8365564      3.15   2276012   6460328        72
10时37分30秒 253669212 257715548   3813380      1.45     78464   5478524   8333204      3.14   2278528   6440516        72
10时37分31秒 253672540 257718484   3809892      1.45     78464   5478600   8354432      3.14   2278580   6444804        72
10时37分32秒 253672424 257718428   3809920      1.45     78464   5478680   8364628      3.15   2278588   6450272        72
