Linux 5.11.0-36-generic (pwmoose-PowerEdge-T640) 	2021年09月25日 	_x86_64_	(40 CPU)

15时03分36秒 kbmemfree   kbavail kbmemused  %memused kbbuffers  kbcached  kbcommit   %commit  kbactive   kbinact   kbdirty
15时03分37秒 261915544 261079104    897708      0.34     40116    538944   3696392      1.39    216364    686236         4
15时03分38秒 261915828 261079388    897348      0.34     40116    538944   3693928      1.39    216344    685584         4
15时03分39秒 261916308 261079868    896828      0.34     40116    538944   3693928      1.39    216332    685556         4
15时03分40秒 261915248 261078808    897872      0.34     40116    538944   3693928      1.39    216340    686520         4
15时03分41秒 261916232 261079792    897080      0.34     40116    538944   3696392      1.39    216356    686272         4
15时03分42秒 261915460 261079020    897812      0.34     40124    538944   3693928      1.39    216344    685804        16
15时03分43秒 261892296 261059696    909668      0.35     42632    547108   3916344      1.47    217084    709620        16
15时03分44秒 261749232 260936096   1014616      0.38     43280    582152   3938272      1.48    220232    860928        16
15时03分45秒 261692104 260890228   1049076      0.40     43280    604532   3976584      1.50    220228    915624        16
15时03分46秒 261538888 260739348   1185012      0.45     43280    618264   4116236      1.55    220228   1063432        16
15时03分47秒 260393044 259599964   2317332      0.88     43356    629008   5383316      2.03    220260   2198392        24
15时03分48秒 260079840 259287308   2578384      0.98     43356    681088   5568784      2.10    220348   2491812        24
15时03分49秒 259502256 258712980   3142444      1.19     43356    694588   6134476      2.31    220356   3079932        24
15时03分50秒 258897996 258109528   3704084      1.41     43356    736672   6749220      2.54    220332   3679708        24
15时03分51秒 258739884 257951508   3860892      1.46     43356    737820   6915456      2.60    220348   3828640        24
15时03分52秒 258738140 257949792   3862588      1.47     43364    737820   6914104      2.60    220340   3829036        28
15时03分53秒 258737188 257948840   3863552      1.47     43364    737820   6915456      2.60    220352   3828704        28
15时03分54秒 258713316 257924984   3886984      1.47     43364    738196   6939052      2.61    220336   3849644        28
15时03分55秒 258710952 257922636   3888584      1.48     43364    738828   6940800      2.61    220356   3853836        28
15时03分56秒 256269644 255481404   6329716      2.40     43364    738964   9356568      3.52    220348   6295932        28
15时03分57秒 254764476 253976388   7834584      2.97     43372    739248  10860344      4.09    220372   7799772        28
15时03分58秒 253284740 252496652   9314272      3.53     43372    739248  12334440      4.64    220360   9274500        28
15时03分59秒 251822612 251034524  10776396      4.09     43372    739248  13798104      5.19    220368  10734460        28
15时04分00秒 250347952 249559864  12250984      4.65     43372    739248  15271140      5.75    220368  12209220        28
15时04分01秒 248879948 248091860  13718976      5.20     43372    739248  16738892      6.30    220372  13674716        28
15时04分02秒 247411644 246623564  15187180      5.76     43380    739248  18204656      6.85    220360  15138272        28
15时04分03秒 245954784 245166704  16644008      6.31     43380    739248  19662208      7.40    220384  16596504        28
15时04分04秒 244479520 243691448  18119196      6.87     43380    739248  21137116      7.96    220364  18070992        28
15时04分05秒 243121788 242333716  19476952      7.39     43380    739248  22492256      8.47    220372  19423940        28
15时04分06秒 241901712 241113640  20697012      7.85     43380    739248  23710784      8.92    220372  20643436        28
15时04分07秒 240863936 240075868  21734700      8.25     43388    739248  24744892      9.31    220392  21675412        24
15时04分08秒 239972308 239184240  22626316      8.58     43388    739252  25636416      9.65    220376  22568576        32
15时04分09秒 239066880 238278812  23531756      8.93     43388    739256  26538684      9.99    220384  23467988        32
15时04分10秒 238219456 237431392  24379028      9.25     43388    739256  27386468     10.31    220384  24317476        32
15时04分11秒 237471304 236683240  25127180      9.53     43388    739256  28131108     10.59    220392  25059836        32
15时04分12秒 236744136 235956072  25854348      9.81     43396    739256  28855168     10.86    220380  25787124        12
15时04分13秒 236137044 235348980  26461436     10.04     43396    739256  29463352     11.09    220380  26392924        12
15时04分14秒 235732076 234944016  26866344     10.19     43396    739268  29867208     11.24    220400  26797744        12
15时04分15秒 235419068 234631008  27179288     10.31     43396    739268  30181712     11.36    220400  27111492        12
15时04分16秒 235157884 234369824  27440392     10.41     43396    739268  30440172     11.46    220388  27371444        12
15时04分17秒 235000392 234212336  27597860     10.47     43404    739268  30598920     11.52    220396  27528924        12
15时04分18秒 233889756 233101768  28678548     10.88     43404    769192  31676412     11.92    220396  28614352        12
15时04分21秒 230923684 230135960  31639664     12.00     43404    774040  62273796     23.44    220396  31603680        12
15时04分25秒 230670688 229882468  31892644     12.10     43420    774036  62278292     23.44    220416  31856440        20
15时04分26秒 224437812 223650096  38125512     14.46     43428    774036  62282268     23.44    220424  38085864        36
15时04分27秒 218557120 217771020  43978544     16.68     43656    800952  62298392     23.45    220900  43948988       336
15时04分28秒 218554868 217768888  43980292     16.69     43656    801360  62298392     23.45    220800  43948260       336
15时04分29秒 218551096 217765128  43983820     16.69     43656    801616  62300100     23.45    220824  43949220       336
15时04分30秒 218547544 217761604  43987080     16.69     43656    801900  62298932     23.45    220816  43949580       336
15时04分31秒 218546860 217760924  43987744     16.69     43664    801900  62298932     23.45    220824  43949576       352
15时04分32秒 218546340 217760404  43988196     16.69     43664    801900  62298932     23.45    220820  43949592       352
15时04分33秒 218544308 217758624  43989716     16.69     43664    802404  62298932     23.45    220824  43950092       352
15时04分34秒 218540376 217754776  43993212     16.69     43664    802688  62300268     23.45    220824  43950356       352
15时04分35秒 218538076 217752500  43995484     16.69     43664    802688  62298932     23.45    220836  43950424       352
15时04分36秒 218537412 217751884  43996020     16.69     43672    802688  62298932     23.45    220840  43950492       352
15时04分37秒 218536496 217750996  43996784     16.69     43672    802688  62298932     23.45    220848  43950472       352
15时04分38秒 218536748 217751248  43996508     16.69     43672    802688  62298932     23.45    220832  43950488       352
15时04分39秒 218536480 217751000  43996760     16.69     43672    802688  62298932     23.45    220848  43950536       352
15时04分40秒 218535920 217750456  43997264     16.69     43672    802688  62298932     23.45    220840  43950508       352
15时04分41秒 218535644 217750184  43997508     16.69     43680    802688  62298932     23.45    220856  43950568       344
15时04分42秒 218534508 217749052  43998524     16.69     43680    802688  62298932     23.45    220844  43950736       348
15时04分43秒 218535060 217749608  43998004     16.69     43680    802688  62298932     23.45    220852  43950652       348
15时04分44秒 218531024 217745612  43999188     16.69     43680    805528  62301744     23.45    220880  43953492       348
15时04分45秒 218531144 217745732  43999064     16.69     43680    805580  62301744     23.45    220896  43953536       348
15时04分46秒 218531380 217745972  43998808     16.69     43688    805584  62301816     23.45    220896  43953652       360
15时04分47秒 218532436 217747044  43997680     16.69     43688    805656  62301816     23.45    220904  43953652       360
15时04分48秒 218532412 217747020  43997668     16.69     43688    805668  62303848     23.45    220892  43953672       360
15时04分49秒 218548556 217763236  43979392     16.68     43688    807816  62259568     23.43    220900  43913396       360
15时04分50秒 218546536 217761216  43981380     16.69     43688    807816  62259568     23.43    220896  43913424       360
15时04分51秒 218547844 217762528  43980128     16.69     43696    807816  62259568     23.43    220912  43913896       364
15时04分52秒 218548992 217763676  43978860     16.68     43696    807816  62259568     23.43    220904  43917620       364
15时04分53秒 218548968 217763652  43978876     16.68     43696    807816  62259568     23.43    220908  43918232       364
15时04分54秒 218549856 217764540  43978016     16.68     43696    807816  62259568     23.43    220904  43918336       364
15时04分55秒 218549588 217764272  43978280     16.68     43696    807816  62259568     23.43    220912  43918396       364
15时04分56秒 218550124 217764808  43977760     16.68     43704    807816  62259960     23.43    220900  43918448        16
15时04分57秒 218538816 217753500  43964868     16.68     43704    832024  62284120     23.44    220900  43943272        16
15时04分58秒 218539108 217753796  43964280     16.68     43704    832368  62284120     23.44    220908  43943800        16
15时04分59秒 218541532 217756220  43961836     16.68     43704    832368  62284120     23.44    220920  43943852        16
15时05分00秒 218541880 217756568  43961488     16.68     43704    832368  62284120     23.44    220912  43943880        16
15时05分01秒 218540432 217755124  43962924     16.68     43712    832368  62284120     23.44    220920  43947144        48
15时05分02秒 218535848 217750540  43967440     16.68     43712    832368  62284120     23.44    220936  43951428       204
15时05分03秒 218531824 217746520  43971460     16.68     43712    832368  62286428     23.44    220936  43953820       204
15时05分04秒 218525996 217740692  43977276     16.68     43712    832368  62294600     23.45    220936  43961020       204
15时05分05秒 218513008 217727704  43990156     16.69     43712    832380  62307768     23.45    220944  43973464       204
15时05分06秒 218510252 217724948  43992920     16.69     43712    832380  62307768     23.45    220936  43973568       204
15时05分07秒 218504716 217719416  43998440     16.69     43720    832380  62314880     23.45    220964  43978728       224
15时05分08秒 218507796 217722504  43995424     16.69     43720    832380  62307768     23.45    220940  43973584       224
15时05分09秒 218507292 217722000  43995928     16.69     43720    832380  62307768     23.45    220952  43973576       224
15时05分10秒 218508204 217722912  43994916     16.69     43720    832380  62307768     23.45    220932  43973596       224
15时05分11秒 218506716 217721424  43996412     16.69     43720    832380  62307768     23.45    220952  43973576       224
15时05分12秒 218507960 217722672  43995160     16.69     43728    832380  62307768     23.45    220956  43973580       216
15时05分13秒 218506448 217721160  43996672     16.69     43728    832380  62307768     23.45    220960  43973576       220
15时05分14秒 218507936 217722648  43995160     16.69     43728    832380  62307768     23.45    220956  43973580       220
15时05分15秒 218508188 217722900  43994900     16.69     43728    832380  62307768     23.45    220964  43973572       220
15时05分16秒 218506668 217721380  43996412     16.69     43728    832380  62307768     23.45    220956  43973580       220
15时05分17秒 218506472 217721188  43996640     16.69     43736    832380  62307768     23.45    220968  43973576       228
15时05分18秒 218507236 217721952  43995888     16.69     43736    832384  62307768     23.45    220964  43973928       232
15时05分19秒 218506724 217721440  43996392     16.69     43736    832384  62308352     23.45    220972  43973592       232
15时05分20秒 218505692 217720408  43996376     16.69     43736    833416  62308808     23.45    220964  43974544       232
15时05分21秒 218507424 217722140  43994620     16.69     43736    833424  62308808     23.45    220972  43974536       232
15时05分22秒 218507236 217721956  43994968     16.69     43744    833424  62308808     23.45    220972  43974568       232
15时05分23秒 218507544 217722264  43994696     16.69     43744    833424  62308808     23.45    220968  43974640       232
15时05分24秒 218508780 217723500  43993460     16.69     43744    833424  62308808     23.45    220968  43974640       232
15时05分25秒 218507756 217722476  43994456     16.69     43744    833424  62308808     23.45    220980  43974640       232
15时05分26秒 218506512 217721232  43995700     16.69     43744    833424  62308808     23.45    220968  43974720       232
15时05分27秒 218506496 217721220  43995700     16.69     43752    833424  62308808     23.45    220988  43974708       232
15时05分28秒 218504748 217719472  43997416     16.69     43752    833456  62309032     23.45    220976  43976028       232
15时05分29秒 218443512 217658368  44056628     16.71     43752    835472  62372720     23.48    220988  44040380       232
15时05分30秒 218389056 217603912  44110996     16.73     43752    835560  62426132     23.50    220976  44095840       232
15时05分31秒 218389316 217604184  44110696     16.73     43752    835584  62428456     23.50    220988  44096976       232
15时05分32秒 218386076 217600948  44113984     16.74     43760    835584  62430856     23.50    220996  44099044        12
15时05分33秒 218386088 217600960  44113920     16.74     43760    835636  62430856     23.50    220984  44100020        12
15时05分34秒 218184224 217399120  44315776     16.81     43760    835676  62638688     23.58    220996  44305100        12
15时05分35秒 218179356 217394288  44318652     16.81     43760    837580  62640336     23.58    220988  44308980        12
15时05分36秒 218178308 217393240  44318304     16.81     43760    838940  62640776     23.58    220988  44310624        12
15时05分37秒 218176556 217391492  44319780     16.81     43768    839236  62640776     23.58    220988  44311188        20
15时05分38秒 218176068 217391008  44320268     16.81     43768    839236  62641576     23.58    220988  44311816        20
15时05分39秒 218175068 217390008  44321268     16.81     43768    839236  62641576     23.58    221004  44311836        20
15时05分40秒 217989824 217204764  44506496     16.88     43768    839236  62829412     23.65    221004  44496360        20
15时05分41秒 217882756 217097712  44612020     16.92     43768    840812  62993796     23.71    220996  44605524        20
15时05分42秒 217884040 217099000  44609672     16.92     43776    841868  62933468     23.69    221012  44603848        20
15时05分43秒 217715972 216930936  44777016     16.99     43776    842640  63108800     23.75    221000  44774956        20
15时05分44秒 217709192 216924156  44783804     16.99     43776    842640  63117372     23.76    221012  44781460        20
15时05分45秒 217706096 216921060  44786900     16.99     43776    842640  63122172     23.76    221012  44786108        20
15时05分46秒 217702504 216917468  44790428     16.99     43776    842640  63122172     23.76    221000  44787692        20
15时05分47秒 217307092 216522064  45185800     17.14     43784    842640  63521712     23.91    221012  45185336        12
15时05分48秒 217279008 216494204  45212084     17.15     43992    843908  63521844     23.91    221228  45195208       192
15时05分49秒 217264668 216479880  45226296     17.16     43992    844068  63552436     23.92    221216  45219616       192
15时05分50秒 217260864 216476084  45230068     17.16     43992    844068  63561728     23.92    221220  45225396       192
15时05分51秒 217255464 216470684  45235464     17.16     43992    844072  63565152     23.92    221228  45229980       196
15时05分52秒 217252940 216468164  45237888     17.16     44000    844072  63566816     23.93    221240  45232008       212
15时05分53秒 216847032 216062256  45643876     17.32     44000    844072  63982748     24.08    221228  45646068       212
15时05分54秒 216842740 216057964  45646660     17.32     44000    845580  63984460     24.08    221224  45651272       212
15时05分55秒 216841132 216056368  45647944     17.32     44000    845784  63984460     24.08    221240  45651524       212
15时05分56秒 216841124 216056360  45647952     17.32     44000    845784  63984460     24.08    221240  45652424       212
15时05分57秒 216840172 216055408  45648960     17.32     44008    845784  63984464     24.08    221232  45653432       212
15时05分58秒 216837580 216052816  45651484     17.32     44008    845788  63986000     24.08    221240  45654940       212
15时05分59秒 216655368 215870608  45832360     17.39     44008    847108  64169216     24.15    221240  45834804       212
15时06分00秒 216651340 215866580  45835380     17.39     44008    848196  64171152     24.15    221232  45840920       212
15时06分01秒 216610596 215825840  45875184     17.40     44016    849128  64213332     24.17    221248  45881728       236
15时06分02秒 216571280 215786524  45912844     17.42     44016    850784  64255836     24.18    221248  45920844       236
15时06分03秒 216566744 215781988  45917232     17.42     44016    850956  64256064     24.18    221256  45926944       236
15时06分04秒 216514612 215729856  45969268     17.44     44016    851044  64308024     24.20    221248  45977880       236
15时06分05秒 216513856 215729100  45969796     17.44     44016    851272  64308028     24.20    221252  45979380       236
15时06分06秒 216509728 215725000  45973724     17.44     44024    851360  64308028     24.20    221248  45979656       236
15时06分07秒 216509232 215724508  45974220     17.44     44024    851360  64308044     24.20    221260  45979652       236
15时06分08秒 216508492 215723768  45974952     17.44     44024    851384  64308052     24.20    221256  45979656       188
15时06分09秒 231843724 231059004  30639664     11.62     44024    851384  33687648     12.68    221264  30646200       188
15时06分10秒 231844976 231060256  30638412     11.62     44024    851384  33687648     12.68    221252  30646212       188
15时06分11秒 231845024 231060304  30638412     11.62     44032    851384  33687648     12.68    221264  30646196       192
15时06分12秒 231653080 230867860  30830340     11.70     44032    851384  33883304     12.75    221264  30840740       192
15时06分13秒 231015260 230230544  31468168     11.94     44032    851384  34526172     13.00    221272  31482336       192
15时06分14秒 230249684 229464968  32233736     12.23     44032    851384  35299580     13.29    221252  32254672       192
15时06分15秒 229047912 228263196  33435524     12.68     44032    851384  36527016     13.75    221268  33467676       192
15时06分16秒 227585264 226800548  34898136     13.24     44032    851384  38007208     14.31    221264  34926560       192
15时06分17秒 226092200 225307488  36391192     13.81     44040    851384  39526332     14.88    221280  36421956       192
15时06分18秒 224650176 223865464  37833124     14.35     44040    851384  40996608     15.43    221272  37859508         8
15时06分19秒 223282044 222497332  39201240     14.87     44040    851384  42398804     15.96    221280  39227056        12
15时06分20秒 221979400 221194696  40503932     15.37     44040    851384  43737024     16.46    221268  40528704        12
15时06分21秒 220701548 219916844  41781800     15.85     44040    851384  45046048     16.95    221276  41799404        12
15时06分22秒 219472564 218687864  43010776     16.32     44048    851384  46307080     17.43    221280  43024568        28
15时06分23秒 218261844 217477148  44221484     16.78     44048    851388  47551872     17.90    221284  44236844        28
15时06分24秒 217073192 216288496  45410160     17.23     44048    851388  48774476     18.36    221280  45422172        32
15时06分25秒 215844072 215059376  46639280     17.69     44048    851388  50031924     18.83    221284  46651948        32
15时06分26秒 214663460 213878764  47819908     18.14     44048    851388  51243016     19.29    221280  47825948        32
15时06分27秒 213510096 212725404  48973184     18.58     44056    851388  52429832     19.73    221288  48977816        32
15时06分28秒 212334660 211549968  50148588     19.03     44056    851388  53642064     20.19    221284  50152392        32
15时06分29秒 211141304 210356612  51341992     19.48     44056    851388  54865660     20.65    221296  51344328        32
15时06分30秒 209995980 209211288  52487320     19.91     44056    851388  56036832     21.09    221284  52483888        32
15时06分31秒 208802728 208018036  53680548     20.37     44056    851388  57256828     21.55    221296  53675268        32
15时06分32秒 207638640 206853952  54844508     20.81     44064    851388  58451440     22.00    221296  54837384        32
15时06分33秒 206472888 205687696  56010260     21.25     44064    851388  59647364     22.45    221304  56001520        32
15时06分34秒 205299292 204514604  57183836     21.69     44064    851388  60851884     22.90    221296  57172476        32
15时06分35秒 204122404 203337720  58360668     22.14     44064    851388  62055768     23.36    221292  58346720        32
15时06分36秒 202991176 202206508  59491896     22.57     44064    851388  63211208     23.79    221296  59472372        32
15时06分37秒 201854428 201069764  60628632     23.00     44072    851388  64380128     24.23    221312  60609444        32
15时06分38秒 200684076 199899432  61798916     23.45     44072    851388  65586168     24.69    221304  61779048        32
15时06分39秒 199524888 198740244  62958204     23.88     44072    851388  66773844     25.13    221312  62933968        32
15时06分40秒 198337456 197552812  64145628     24.34     44072    851388  67992528     25.59    221292  64121768        32
15时06分41秒 197191376 196406732  65291708     24.77     44072    851388  69175648     26.04    221312  65265264        32
15时06分42秒 196067416 195282776  66415628     25.20     44080    851388  70327668     26.47    221308  66386772        32
15时06分43秒 194918360 194133720  67564744     25.63     44080    851388  71512196     26.92    221320  67535180        32
15时06分44秒 193761048 192976420  68722064     26.07     44080    851388  72694828     27.36    221312  68687020        12
15时06分45秒 192592744 191808116  69890320     26.51     44080    851388  73897556     27.81    221316  69854536        12
15时06分46秒 191446468 190661840  71036588     26.95     44080    851388  75072432     28.26    221312  70999616        12
15时06分47秒 190306492 189521880  72176612     27.38     44088    851388  76243448     28.70    221328  72137140        12
15时06分48秒 189161660 188377048  73321416     27.82     44088    851388  77424016     29.14    221320  73278216        12
15时06分49秒 188005720 187221108  74477348     28.25     44092    851388  78610472     29.59    221328  74430220         4
15时06分50秒 186864336 186079740  75618716     28.69     44092    851388  79786260     30.03    221316  75569720         8
15时06分51秒 185712688 184928092  76770344     29.12     44092    851388  80970344     30.48    221332  76719708         8
15时06分52秒 184566324 183781732  77916700     29.56     44100    851388  82147544     30.92    221328  77861180        28
15时06分53秒 183427836 182643244  79055208     29.99     44100    851388  83316832     31.36    221332  78996004        28
15时06分54秒 182284732 181500140  80198284     30.43     44100    851388  84489460     31.80    221332  80140984        28
15时06分55秒 182051764 181267172  80431244     30.51     44100    851388  84726308     31.89    221332  80372620        28
15时06分56秒 233020900 232237828  29462048     11.18     44100    851392  81962620     30.85    223636  29342192       136
15时06分57秒 261768924 260984316    935576      0.35     44108    631696   3695380      1.39    293400    706600       160
15时06分58秒 261768948 260984340    935552      0.35     44108    631696   3695380      1.39    293400    706600       160
15时06分59秒 261769264 260984656    935268      0.35     44108    631688   3695380      1.39    293392    706520       156
15时07分00秒 261769816 260985208    934720      0.35     44108    631684   3695380      1.39    293388    706740       156
15时07分01秒 261770316 260985708    934156      0.35     44108    631696   3695380      1.39    293392    706608       156
15时07分02秒 261770016 260985408    934408      0.35     44108    631696   3695380      1.39    293400    706600       156
15时07分03秒 261770424 260985816    934000      0.35     44116    631688   3695380      1.39    293388    706640       156
15时07分04秒 261771488 260986880    932944      0.35     44116    631696   3695380      1.39    293388    706592       156
15时07分05秒 261772868 260988260    931564      0.35     44116    631696   3695380      1.39    293388    706612       156
15时07分06秒 261773840 260989232    930776      0.35     44116    631696   3695380      1.39    293392    706920       156
15时07分07秒 261773548 260988940    931052      0.35     44116    631696   3695380      1.39    293392    706608       156
15时07分08秒 261774328 260989724    930284      0.35     44124    631696   3695380      1.39    293400    706600       156
15时07分09秒 261775756 260991152    929008      0.35     44124    631696   3695380      1.39    293392    706608       156
15时07分10秒 261776488 260991884    928252      0.35     44124    631696   3695380      1.39    293392    706608       156
15时07分11秒 261778004 260993400    926904      0.35     44124    631696   3695380      1.39    293392    706608       156
15时07分12秒 261778012 260993408    926972      0.35     44124    631696   3695380      1.39    293400    706600       156
15时07分13秒 261779140 260994536    925828      0.35     44132    631696   3695380      1.39    293392    706608       156
15时07分14秒 261779160 260994556    925800      0.35     44132    631696   3695380      1.39    293400    706600       156
15时07分15秒 261779656 260995052    925304      0.35     44132    631696   3695380      1.39    293388    706640       156
15时07分16秒 261780248 260995644    924716      0.35     44132    631696   3695380      1.39    293400    706628       156
15时07分17秒 261780972 260996368    923968      0.35     44132    631696   3695380      1.39    293388    706640       156
15时07分18秒 261781280 260996676    923684      0.35     44140    631696   3695380      1.39    293400    706628       156
15时07分19秒 261782152 260997540    922708      0.35     44140    631696   3695380      1.39    293384    706644       156
15时07分20秒 261782128 260997516    922708      0.35     44140    631696   3695380      1.39    293396    706632       152
15时07分21秒 261783808 260999196    921156      0.35     44140    631696   3695380      1.39    293388    706456       152
15时07分22秒 261783792 260999180    921188      0.35     44140    631696   3695380      1.39    293400    706628       152
15时07分23秒 261784100 260999488    920908      0.35     44148    631692   3695380      1.39    293396    706536       160
15时07分24秒 261785088 261000476    919900      0.35     44148    631696   3695380      1.39    293396    706632       160
15时07分25秒 261785372 261000760    919616      0.35     44148    631696   3695380      1.39    293388    706456       160
15时07分26秒 261785804 261001192    919120      0.35     44148    631696   3695380      1.39    293400    706628       108
15时07分27秒 261786092 261001480    918800      0.35     44148    631696   3695380      1.39    293392    707036       108
15时07分28秒 261786172 261001560    918780      0.35     44156    631700   3695380      1.39    293400    706628       112
15时07分29秒 261787112 261002500    917976      0.35     44156    631700   3695380      1.39    293392    706948       112
15时07分30秒 261786568 261001956    918504      0.35     44156    631700   3695380      1.39    293396    706632         8
15时07分31秒 261786276 261001664    918796      0.35     44156    631692   3695380      1.39    293388    706596         8
15时07分32秒 261788056 261003444    916984      0.35     44156    631700   3695380      1.39    293392    706636         8
15时07分33秒 261788080 261003468    916940      0.35     44164    631692   3695380      1.39    293392    706456         8
15时07分34秒 261788496 261003884    916452      0.35     44164    631700   3695380      1.39    293400    706628        40
15时07分35秒 261789228 261004616    915688      0.35     44164    631700   3695380      1.39    293388    706640        40
15时07分36秒 261788640 261004028    916412      0.35     44164    631700   3695380      1.39    293400    706936        40
15时07分37秒 261789096 261004484    915920      0.35     44164    631700   3695380      1.39    293392    706636        40
15时07分38秒 261789648 261005036    915360      0.35     44172    631692   3695380      1.39    293396    706640        40
15时07分39秒 261789792 261005208    915392      0.35     44172    631700   3695380      1.39    293448    706640        40
15时07分40秒 261789720 261005136    915384      0.35     44172    631700   3695380      1.39    293452    706484        40
15时07分41秒 261789992 261005408    915072      0.35     44172    631696   3695380      1.39    293448    706632        40
15时07分42秒 261790600 261006016    914548      0.35     44172    631700   3695380      1.39    293456    706632        40
15时07分43秒 261790568 261005984    914508      0.35     44180    631700   3695380      1.39    293448    706460        40
15时07分44秒 261790292 261005708    914776      0.35     44180    631700   3695380      1.39    293456    706804        40
15时07分45秒 261789904 261005320    915092      0.35     44180    631716   3695380      1.39    293448    706692        40
15时07分46秒 261789628 261005044    915364      0.35     44180    631716   3695380      1.39    293472    706988        40
15时07分47秒 261791092 261006508    914276      0.35     44180    631692   3695380      1.39    293448    706552        40
15时07分48秒 261791464 261006880    913992      0.35     44188    631684   3695380      1.39    293448    706812        40
15时07分49秒 261791812 261007228    913720      0.35     44188    631700   3695380      1.39    293448    706948        40
15时07分50秒 261792080 261007496    913532      0.35     44188    631700   3695380      1.39    293448    706640        32
15时07分51秒 261792460 261007876    913160      0.35     44188    631700   3695380      1.39    293444    706640        36
15时07分52秒 261792436 261007852    913196      0.35     44188    631700   3695380      1.39    293452    706636        36
15时07分53秒 261792688 261008104    912936      0.35     44196    631700   3695380      1.39    293448    706640        44
15时07分54秒 261792568 261007984    913056      0.35     44196    631700   3695380      1.39    293456    706632        44
15时07分55秒 261792544 261007960    913048      0.35     44196    631700   3695380      1.39    293444    706644        44
15时07分56秒 261793008 261008424    912544      0.35     44196    631700   3695380      1.39    293456    706632        44
15时07分57秒 261792496 261007912    913024      0.35     44196    631700   3695380      1.39    293448    706640        44
15时07分58秒 261792960 261008376    912520      0.35     44204    631700   3695380      1.39    293448    706640        44
15时07分59秒 261793328 261008744    912128      0.35     44204    631700   3695380      1.39    293444    706644        44
15时08分00秒 261793884 261009300    911528      0.35     44204    631700   3695380      1.39    293452    706636        44
15时08分01秒 261793924 261009340    911520      0.35     44204    631704   3695380      1.39    293448    706640        48
15时08分02秒 261793916 261009332    911512      0.35     44204    631704   3695380      1.39    293456    706632        48
15时08分03秒 261793332 261008748    911996      0.35     44212    631704   3695380      1.39    293448    706640        48
15时08分04秒 261794484 261009900    910940      0.35     44212    631704   3695380      1.39    293456    706632        48
15时08分05秒 261794784 261010200    910668      0.35     44212    631704   3695380      1.39    293444    706644        48
15时08分06秒 261794224 261009640    911172      0.35     44212    631704   3695380      1.39    293452    706636         8
15时08分07秒 261794816 261010232    910616      0.35     44212    631704   3695380      1.39    293448    706484         8
15时08分08秒 261794476 261009892    910892      0.35     44220    631704   3695380      1.39    293456    706632         8
15时08分09秒 261794656 261010072    910624      0.35     44220    631704   3695380      1.39    293448    706640         8
15时08分10秒 261795056 261010472    910184      0.35     44220    631704   3695380      1.39    293452    706636         8
15时08分11秒 261794788 261010204    910420      0.35     44220    631704   3695380      1.39    293456    706632         8
15时08分12秒 261794756 261010172    910420      0.35     44220    631704   3695380      1.39    293456    706632         8
15时08分13秒 261795276 261010692    909876      0.35     44228    631696   3695380      1.39    293444    706924         8
15时08分14秒 261795212 261010660    909884      0.35     44228    631704   3695380      1.39    293512    706636         8
15时08分15秒 261795220 261010668    909832      0.35     44228    631704   3695380      1.39    293512    706636         8
15时08分16秒 261795228 261010676    909824      0.35     44228    631704   3695380      1.39    293512    706636         8
15时08分17秒 261795132 261010580    909840      0.35     44228    631704   3695380      1.39    293512    706636         8
15时08分18秒 261795188 261010636    909816      0.35     44236    631704   3695380      1.39    293512    706636         8
15时08分19秒 261795696 261011144    909488      0.35     44236    631692   3695380      1.39    293500    706696         8
15时08分20秒 261795300 261010748    909812      0.35     44236    631704   3695380      1.39    293512    706636         8
15时08分21秒 261795220 261010668    909832      0.35     44236    631712   3695380      1.39    293520    706768         0
15时08分22秒 261795220 261010668    909832      0.35     44236    631712   3695380      1.39    293520    706768         0
15时08分23秒 261794480 261009928    910604      0.35     44244    631696   3695380      1.39    293504    707280        16
15时08分24秒 261794544 261009992    910604      0.35     44244    631696   3695380      1.39    293504    707280        16
15时08分25秒 261795096 261010544    910088      0.35     44244    631704   3695380      1.39    293512    706636        16
15时08分26秒 261795064 261010512    910080      0.35     44244    631704   3695380      1.39    293512    706636        16
15时08分27秒 261795048 261010496    910076      0.35     44244    631704   3695380      1.39    293512    706636        16
15时08分28秒 261795300 261010748    909824      0.35     44252    631696   3695380      1.39    293512    706636        16
15时08分29秒 261795272 261010720    909812      0.35     44252    631692   3695380      1.39    293500    706656        16
15时08分30秒 261795356 261010804    909808      0.35     44252    631692   3695380      1.39    293500    706656        16
15时08分31秒 261795148 261010596    909900      0.35     44252    631712   3695380      1.39    293520    706800        16
15时08分32秒 261795116 261010564    909900      0.35     44252    631712   3695380      1.39    293520    706800        16
15时08分33秒 261795764 261011212    909252      0.34     44260    631696   3695380      1.39    293500    706672        20
15时08分34秒 261795392 261010840    909564      0.35     44260    631708   3695380      1.39    293512    706636        20
15时08分35秒 261795780 261011228    909348      0.34     44260    631708   3695380      1.39    293512    706636        20
15时08分36秒 261795780 261011228    909348      0.34     44260    631708   3695380      1.39    293512    706636        20
15时08分37秒 261795680 261011128    909596      0.35     44260    631708   3695380      1.39    293512    706640        20
15时08分38秒 261795932 261011380    909336      0.34     44268    631708   3695380      1.39    293512    706636        20
15时08分39秒 261796160 261011608    909088      0.34     44268    631708   3695380      1.39    293512    706652        20
15时08分40秒 261796168 261011616    909080      0.34     44268    631708   3695380      1.39    293512    706636        20
15时08分41秒 261795852 261011300    909332      0.34     44268    631708   3695380      1.39    293512    706636        20
15时08分42秒 261795876 261011324    909324      0.34     44268    631708   3695380      1.39    293512    706636        20
15时08分43秒 261795720 261011168    909392      0.35     44276    631708   3695380      1.39    293512    706612        20
15时08分44秒 261795712 261011160    909384      0.34     44276    631708   3695380      1.39    293512    706612        20
15时08分45秒 261794888 261010336    910200      0.35     44276    631708   3695380      1.39    293512    706648        20
15时08分46秒 261795164 261010612    909924      0.35     44276    631708   3695380      1.39    293512    706612        20
15时08分47秒 261795116 261010564    909980      0.35     44276    631700   3695380      1.39    293504    707220        20
15时08分48秒 261794864 261010312    910176      0.35     44284    631708   3695380      1.39    293512    706636        20
15时08分49秒 261794280 261009728    910712      0.35     44284    631720   3695380      1.39    293524    706988        20
15时08分50秒 261794856 261010304    910148      0.35     44284    631708   3695380      1.39    293512    706636        20
15时08分51秒 261793988 261009436    911024      0.35     44284    631700   3695380      1.39    293516    707516        20
15时08分52秒 261794548 261009996    910392      0.35     44284    631708   3695380      1.39    293512    706636        20
15时08分53秒 261794752 261010200    910124      0.35     44292    631712   3695380      1.39    293524    706692        20
15时08分54秒 261795060 261010536    909820      0.35     44292    631708   3695380      1.39    293568    706620        24
15时08分55秒 261794760 261010236    910060      0.35     44292    631708   3695380      1.39    293568    706656        24
15时08分56秒 261795264 261010740    909556      0.35     44292    631708   3695380      1.39    293568    706612        24
15时08分57秒 261794948 261010424    909804      0.35     44292    631712   3695380      1.39    293572    706680         4
15时08分58秒 261795064 261010540    909684      0.35     44300    631708   3695380      1.39    293568    706640         4
15时08分59秒 261795000 261010476    909680      0.35     44300    631712   3695380      1.39    293572    706688         4
15时09分00秒 261795284 261010760    909400      0.35     44300    631708   3695380      1.39    293568    706640         4
15时09分01秒 261794364 261009840    910420      0.35     44300    631708   3695380      1.39    293568    707044         4
15时09分02秒 261794688 261010164    910136      0.35     44300    631708   3695380      1.39    293568    706640         4
15时09分03秒 261795312 261010788    909656      0.35     44308    631688   3695380      1.39    293568    706868         4
15时09分04秒 261795264 261010740    909656      0.35     44308    631688   3695380      1.39    293568    706868         4
15时09分05秒 261794216 261009692    910652      0.35     44308    631708   3695380      1.39    293568    706964         4
15时09分06秒 261794224 261009712    910640      0.35     44308    631712   3695380      1.39    293576    706980         8
15时09分07秒 261795548 261011036    909324      0.34     44308    631704   3695380      1.39    293568    707184         8
15时09分08秒 261795800 261011288    909072      0.34     44316    631696   3695380      1.39    293568    707184         8
15时09分09秒 261795036 261010524    909844      0.35     44316    631712   3695380      1.39    293576    706972         8
15时09分10秒 261795076 261010564    909788      0.35     44316    631712   3695380      1.39    293576    706656         8
15时09分11秒 261795012 261010500    909852      0.35     44316    631716   3695380      1.39    293580    707116         8
15时09分12秒 261795384 261010872    909472      0.35     44316    631712   3695380      1.39    293576    706656         8
15时09分13秒 261795540 261011028    909260      0.34     44324    631712   3695380      1.39    293568    706688         8
15时09分14秒 261795272 261010760    909492      0.35     44324    631708   3695380      1.39    293564    706620         8
15时09分15秒 261795272 261010760    909452      0.35     44324    631716   3695380      1.39    293572    706728         8
15时09分16秒 261795476 261010964    909220      0.34     44324    631712   3695380      1.39    293572    706660         8
15时09分17秒 261795436 261010924    909216      0.34     44324    631712   3695380      1.39    293568    706688         8
15时09分18秒 261795200 261010688    909492      0.35     44332    631712   3695380      1.39    293572    706972         8
15时09分19秒 261795616 261011104    908996      0.34     44332    631712   3695380      1.39    293564    706688         8
15时09分20秒 261796120 261011608    908444      0.34     44332    631712   3695380      1.39    293568    706684         8
15时09分21秒 261796088 261011576    908480      0.34     44332    631708   3695380      1.39    293564    706684         8
15时09分22秒 261795244 261010736    909232      0.34     44340    631712   3695380      1.39    293576    706616        16
15时09分23秒 261795032 261010524    909436      0.35     44340    631700   3695380      1.39    293564    706760        16
15时09分24秒 261795572 261011064    908844      0.34     44340    631712   3695380      1.39    293572    706620        12
15时09分25秒 261795432 261010924    909124      0.34     44340    631704   3695380      1.39    293564    706572        12
15时09分26秒 261795204 261010696    909332      0.34     44340    631712   3695380      1.39    293576    706648        12
15时09分27秒 261795708 261011200    908816      0.34     44340    631712   3695380      1.39    293568    707048        12
15时09分28秒 261795472 261010992    909072      0.34     44348    631712   3695380      1.39    293632    706600        24
15时09分29秒 261795928 261011448    908612      0.34     44348    631700   3695380      1.39    293620    706784        24
15时09分30秒 261795808 261011328    908680      0.34     44348    631716   3695380      1.39    293632    706684        24
15时09分31秒 261795792 261011312    908652      0.34     44348    631716   3695380      1.39    293628    706728        24
15时09分32秒 261795604 261011124    908844      0.34     44348    631712   3695380      1.39    293632    706620        24
15时09分33秒 261796204 261011724    908324      0.34     44356    631712   3695380      1.39    293616    706652        24
15时09分34秒 261795544 261011068    909032      0.34     44356    631716   3695380      1.39    293632    706704        24
15时09分35秒 261796632 261012156    907956      0.34     44356    631712   3695380      1.39    293624    706984        24
15时09分36秒 261796600 261012124    907956      0.34     44356    631712   3695380      1.39    293624    706640        24
15时09分37秒 261796444 261011968    908312      0.34     44356    631712   3695380      1.39    293620    707076        24
15时09分38秒 261796200 261011724    908552      0.34     44364    631716   3695380      1.39    293632    706660        28
15时09分39秒 261796760 261012284    908052      0.34     44364    631704   3695380      1.39    293620    706592        28
15时09分40秒 261796632 261012156    908048      0.34     44364    631716   3695380      1.39    293632    706660        28
15时09分41秒 261796300 261011824    908332      0.34     44364    631720   3695380      1.39    293628    706740        28
15时09分42秒 261796632 261012156    908024      0.34     44364    631716   3695380      1.39    293632    706660        28
15时09分43秒 261797032 261012556    907548      0.34     44372    631720   3695380      1.39    293628    706712        28
15时09分44秒 261796812 261012336    907736      0.34     44372    631716   3695380      1.39    293624    706668        28
15时09分45秒 261796836 261012360    907724      0.34     44372    631716   3695380      1.39    293624    706668        28
15时09分46秒 261796876 261012400    907720      0.34     44372    631716   3695380      1.39    293624    706680        28
15时09分47秒 261796940 261012464    907664      0.34     44372    631704   3695380      1.39    293612    707308        28
15时09分48秒 261796836 261012360    907680      0.34     44380    631716   3695380      1.39    293632    706660        28
15时09分49秒 261797096 261012620    907416      0.34     44380    631704   3695380      1.39    293620    706564        28
15时09分50秒 261797080 261012604    907520      0.34     44380    631716   3695380      1.39    293632    706696        28
15时09分51秒 261797456 261012980    907028      0.34     44380    631720   3695380      1.39    293624    706764        28
15时09分52秒 261797236 261012760    907220      0.34     44380    631716   3695380      1.39    293632    706660        28
15时09分53秒 261797212 261012736    907200      0.34     44388    631708   3695380      1.39    293624    706584        28
15时09分54秒 261796928 261012452    907456      0.34     44388    631716   3695380      1.39    293628    706664         0
15时09分55秒 261796960 261012484    907396      0.34     44388    631708   3695380      1.39    293624    706936         4
15时09分56秒 261797360 261012884    906940      0.34     44388    631716   3695380      1.39    293632    706660         4
15时09分57秒 261797456 261012980    906936      0.34     44388    631716   3695380      1.39    293624    706668         4
15时09分58秒 261797228 261012752    907152      0.34     44396    631712   3695380      1.39    293620    706612        16
15时09分59秒 261796952 261012476    907416      0.34     44396    631720   3695380      1.39    293616    706740        16
15时10分00秒 261796784 261012308    907588      0.34     44396    631716   3695380      1.39    293632    706660        16
15时10分01秒 261797976 261013500    906396      0.34     44396    631712   3695380      1.39    293628    706972        16
15时10分02秒 261797480 261013004    907036      0.34     44396    631716   3695380      1.39    293632    706660        16
15时10分03秒 261797808 261013332    906768      0.34     44404    631716   3695380      1.39    293624    706508        16
15时10分04秒 261797832 261013308    906800      0.34     44404    631716   3695380      1.39    293628    706664        16
15时10分05秒 261798060 261013536    906512      0.34     44404    631716   3695380      1.39    293620    707252        16
15时10分06秒 261798280 261013756    906260      0.34     44404    631716   3695380      1.39    293620    706656        16
15时10分07秒 261798352 261013828    906256      0.34     44404    631716   3695380      1.39    293624    706896        16
15时10分08秒 261798752 261014256    905740      0.34     44412    631716   3695380      1.39    293680    706648        16
15时10分09秒 261798176 261013680    906276      0.34     44412    631716   3695380      1.39    293676    706700        16
15时10分10秒 261798152 261013656    906260      0.34     44412    631716   3695380      1.39    293688    706664        16
15时10分11秒 261798640 261014144    905748      0.34     44412    631712   3695380      1.39    293680    706584        20
15时10分12秒 261798860 261014364    905484      0.34     44412    631720   3695380      1.39    293676    706688        20
15时10分13秒 261798380 261013884    905940      0.34     44420    631720   3695380      1.39    293680    706988        20
15时10分14秒 261798276 261013780    906000      0.34     44420    631720   3695380      1.39    293684    706668        20
15时10分15秒 261798696 261014200    905752      0.34     44420    631720   3695380      1.39    293680    706696        20
15时10分16秒 261799208 261014712    905240      0.34     44420    631720   3695380      1.39    293684    706668        20
15时10分17秒 261798956 261014460    905488      0.34     44420    631720   3695380      1.39    293680    707104        20
15时10分18秒 261799152 261014656    905224      0.34     44428    631720   3695380      1.39    293688    706664        20
15时10分19秒 261799136 261014640    905232      0.34     44428    631704   3695380      1.39    293672    706576        20
15时10分20秒 261799096 261014600    905204      0.34     44428    631720   3695380      1.39    293688    706664        20
15时10分21秒 261799300 261014804    904980      0.34     44428    631716   3695380      1.39    293684    706660        20
15时10分22秒 261799300 261014804    904924      0.34     44428    631720   3695380      1.39    293688    706664        20
15时10分23秒 261798756 261014260    905416      0.34     44436    631720   3695380      1.39    293680    706696        20
15时10分24秒 261799236 261014740    904968      0.34     44436    631716   3695380      1.39    293676    706624        20
15时10分25秒 261798944 261014448    905224      0.34     44436    631720   3695380      1.39    293672    706720        20
15时10分26秒 261799504 261015008    904668      0.34     44436    631720   3695380      1.39    293684    706972        16
15时10分27秒 261798932 261014436    905204      0.34     44436    631716   3695380      1.39    293680    707044        16
15时10分28秒 261798848 261014352    905464      0.34     44444    631720   3695380      1.39    293688    706480        24
15时10分29秒 261799868 261015372    904732      0.34     44444    631720   3695380      1.39    293676    706676        24
15时10分30秒 261800404 261015908    904196      0.34     44444    631720   3695380      1.39    293676    706652        24
15时10分31秒 261799560 261015064    904988      0.34     44444    631720   3695380      1.39    293680    706696         4
15时10分32秒 261799516 261015020    905196      0.34     44444    631720   3695380      1.39    293688    706692         4
15时10分33秒 261800760 261016264    903936      0.34     44452    631720   3695380      1.39    293676    706676         4
15时10分34秒 261800256 261015760    904436      0.34     44452    631720   3695380      1.39    293684    706668         4
15时10分35秒 261799996 261015500    904684      0.34     44452    631720   3695380      1.39    293680    706672         4
15时10分36秒 261799996 261015500    904684      0.34     44452    631720   3695380      1.39    293688    706664         4
15时10分37秒 261799988 261015492    904764      0.34     44452    631720   3695380      1.39    293680    707112         4
15时10分38秒 261801156 261016660    903748      0.34     44460    631720   3695380      1.39    293680    706684         4
15时10分39秒 261801584 261017088    903340      0.34     44460    631708   3695380      1.39    293668    706572         4
15时10分40秒 261801064 261016568    903856      0.34     44460    631720   3695380      1.39    293684    706668         4
15时10分41秒 261801584 261017088    903348      0.34     44460    631720   3695380      1.39    293680    706952         4
15时10分42秒 261801804 261017308    903088      0.34     44460    631720   3695380      1.39    293688    706664         4
15时10分43秒 261801780 261017316    903064      0.34     44468    631724   3695380      1.39    293736    706676         8
15时10分44秒 261801496 261017032    903320      0.34     44468    631720   3695380      1.39    293732    706624         8
15时10分45秒 261801456 261016992    903300      0.34     44468    631724   3695380      1.39    293732    706700         8
15时10分46秒 261801676 261017212    903040      0.34     44468    631724   3695380      1.39    293744    706668         8
15时10分47秒 261801384 261016920    903288      0.34     44468    631724   3695380      1.39    293732    706680         8
15时10分48秒 261801092 261016628    903524      0.34     44476    631724   3695380      1.39    293744    706668         8
15时10分49秒 261800784 261016320    903756      0.34     44476    631724   3695380      1.39    293732    706976         8
15时10分50秒 261800996 261016532    903492      0.34     44476    631724   3695380      1.39    293744    706668         8
15时10分51秒 261800556 261016092    904000      0.34     44476    631724   3695380      1.39    293728    706748         8
15时10分52秒 261801148 261016684    903464      0.34     44476    631724   3695380      1.39    293744    706668         8
15时10分53秒 261801044 261016580    903520      0.34     44484    631724   3695380      1.39    293744    706668         8
15时10分54秒 261801344 261016880    903236      0.34     44484    631724   3695380      1.39    293736    706676         8
15时10分55秒 261801044 261016580    903524      0.34     44484    631720   3695380      1.39    293732    706660         8
15时10分56秒 261802044 261017584    902476      0.34     44484    631724   3695380      1.39    293744    706680         0
15时10分57秒 261801768 261017308    902792      0.34     44484    631724   3695380      1.39    293736    706688         4
15时10分58秒 261801744 261017284    902788      0.34     44492    631716   3695380      1.39    293744    706680         4
15时10分59秒 261801912 261017452    902788      0.34     44492    631724   3695380      1.39    293732    706716        16
15时11分00秒 261802092 261017648    902568      0.34     44500    631724   3695380      1.39    293744    706736        44
15时11分01秒 261802820 261018376    901816      0.34     44500    631728   3695380      1.39    293736    706736        44
15时11分02秒 261801748 261017304    902848      0.34     44500    631728   3695380      1.39    293748    706756        44
15时11分03秒 261803024 261018580    901612      0.34     44500    631724   3695380      1.39    293736    706688        44
15时11分04秒 261802456 261018012    902160      0.34     44500    631728   3695380      1.39    293736    706716        44
15时11分05秒 261802660 261018216    901920      0.34     44500    631728   3695380      1.39    293740    706688        44
15时11分06秒 261802008 261017564    902652      0.34     44508    631720   3695380      1.39    293748    706708        44
15时11分07秒 261802796 261018352    901848      0.34     44508    631724   3695380      1.39    293736    706688        48
15时11分08秒 261802796 261018352    901848      0.34     44508    631724   3695380      1.39    293740    706684        48
15时11分09秒 261802528 261018084    902088      0.34     44508    631724   3695380      1.39    293732    706692        48
15时11分10秒 261802688 261018244    902080      0.34     44508    631724   3695380      1.39    293744    706680        48
15时11分11秒 261802428 261017984    902320      0.34     44516    631728   3695380      1.39    293740    706680        48
15时11分12秒 261802680 261018236    902060      0.34     44516    631728   3695380      1.39    293748    706672        48
15时11分13秒 261802824 261018380    902040      0.34     44516    631724   3695380      1.39    293736    706688        48
15时11分14秒 261802824 261018380    902028      0.34     44516    631724   3695380      1.39    293736    706688        48
15时11分15秒 261803572 261019128    901260      0.34     44516    631724   3695380      1.39    293732    706692        48
15时11分16秒 261803028 261018584    901752      0.34     44524    631716   3695380      1.39    293744    706680        48
15时11分17秒 261803012 261018568    901720      0.34     44524    631712   3695380      1.39    293728    707252        52
15时11分18秒 261802200 261017756    902464      0.34     44524    631728   3695380      1.39    293744    706684        52
15时11分19秒 261802648 261018204    902144      0.34     44524    631716   3695380      1.39    293732    706900        52
15时11分20秒 261802316 261017872    902432      0.34     44524    631728   3695380      1.39    293744    706676        52
15时11分21秒 261802796 261018384    901908      0.34     44532    631728   3695380      1.39    293792    706688        52
15时11分22秒 261802544 261018132    902148      0.34     44532    631728   3695380      1.39    293796    706684        52
15时11分23秒 261802040 261017628    902640      0.34     44532    631728   3695380      1.39    293792    706960        52
15时11分24秒 261801976 261017564    902624      0.34     44532    631728   3695380      1.39    293796    706944        52
15时11分25秒 261802148 261017736    902412      0.34     44532    631732   3695380      1.39    293796    706764        52
15时11分26秒 261802188 261017776    902308      0.34     44540    631728   3695380      1.39    293792    706664        52
15时11分27秒 261802100 261017688    902328      0.34     44540    631728   3695380      1.39    293792    706692        44
15时11分28秒 261802376 261017964    902036      0.34     44540    631728   3695380      1.39    293792    706668        48
15时11分29秒 261802092 261017680    902356      0.34     44540    631728   3695380      1.39    293784    706960        48
15时11分30秒 261802044 261017632    902372      0.34     44540    631728   3695380      1.39    293792    706736        48
15时11分31秒 261803532 261019120    900852      0.34     44548    631728   3695380      1.39    293792    706720        48
15时11分32秒 261803052 261018640    901348      0.34     44548    631728   3695380      1.39    293800    706684         4
15时11分33秒 261803100 261018688    901404      0.34     44548    631732   3695380      1.39    293796    707004         4
15时11分34秒 261802620 261018208    901900      0.34     44548    631724   3695380      1.39    293788    706676         4
15时11分35秒 261803592 261019064    901140      0.34     44548    631728   3695380      1.39    293792    706692         4
15时11分36秒 261803608 261019080    901100      0.34     44556    631728   3695380      1.39    293796    707340         4
15时11分37秒 261803544 261019016    901152      0.34     44556    631724   3695380      1.39    293792    707768         4
15时11分38秒 261802716 261018188    901888      0.34     44556    631728   3695380      1.39    293800    706684         4
15时11分39秒 261802976 261018448    901624      0.34     44556    631716   3695380      1.39    293788    706880         4
15时11分40秒 261802752 261018224    901880      0.34     44556    631728   3695380      1.39    293800    706684         4
15时11分41秒 261802624 261018096    901860      0.34     44564    631728   3695380      1.39    293792    706712         4
15时11分42秒 261803704 261019176    900804      0.34     44564    631728   3695380      1.39    293792    706668         4
15时11分43秒 261803648 261019120    900852      0.34     44564    631708   3695380      1.39    293772    707052         4
15时11分44秒 261803552 261019024    900884      0.34     44564    631728   3695380      1.39    293796    706688         4
15时11分45秒 261802764 261018236    901648      0.34     44564    631728   3695380      1.39    293792    706980         4
15时11分46秒 261803064 261018536    901372      0.34     44572    631728   3695380      1.39    293800    706684         4
15时11分47秒 261803260 261018732    901120      0.34     44572    631728   3695380      1.39    293792    706692         4
15时11分48秒 261803268 261018736    901116      0.34     44572    631732   3695380      1.39    293792    706676         8
15时11分49秒 261802644 261018112    901708      0.34     44572    631728   3695380      1.39    293788    706992         8
15时11分50秒 261802876 261018344    901596      0.34     44572    631732   3695380      1.39    293796    706688         8
15时11分51秒 261803356 261018824    901096      0.34     44580    631736   3695380      1.39    293796    706756         8
15时11分52秒 261803348 261018816    901088      0.34     44580    631736   3695380      1.39    293804    706748         8
15时11分53秒 261802740 261018208    901568      0.34     44580    631728   3695380      1.39    293804    707204         8
15时11分54秒 261803228 261018696    901040      0.34     44580    631732   3695380      1.39    293796    706688         8
15时11分55秒 261803692 261019160    900532      0.34     44580    631732   3695380      1.39    293792    706716         8
15时11分56秒 261802668 261018136    901532      0.34     44588    631724   3695380      1.39    293792    706764         8
15时11分57秒 261803156 261018660    900956      0.34     44588    631736   3695380      1.39    293848    707436         8
15时11分58秒 261802312 261017816    901732      0.34     44588    631732   3695380      1.39    293856    706688         0
15时11分59秒 261803084 261018588    900968      0.34     44588    631728   3695380      1.39    293860    707096         4
15时12分00秒 261802780 261018284    901428      0.34     44588    631732   3695380      1.39    293856    706688         4
15时12分01秒 261802520 261018024    901672      0.34     44596    631724   3695380      1.39    293848    706988         4
15时12分02秒 261803292 261018796    900860      0.34     44596    631732   3695380      1.39    293848    706668        16
15时12分03秒 261802700 261018204    901456      0.34     44596    631736   3695380      1.39    293856    706824        16
15时12分04秒 261802344 261017848    901768      0.34     44596    631740   3695380      1.39    293856    706956        16
15时12分05秒 261802472 261017976    901656      0.34     44596    631732   3695380      1.39    293844    707032        16
15时12分06秒 261802920 261018424    901180      0.34     44604    631728   3695380      1.39    293860    707088        16
15时12分07秒 261802384 261017888    901628      0.34     44604    631732   3695380      1.39    293860    706748        16
15时12分08秒 261802768 261018272    901252      0.34     44604    631748   3695380      1.39    293864    707388        16
15时12分09秒 261802832 261018336    901240      0.34     44604    631736   3695380      1.39    293848    707236        16
15时12分10秒 261802680 261018184    901340      0.34     44604    631732   3695380      1.39    293860    706936        16
15时12分11秒 261802776 261018280    901228      0.34     44612    631724   3695380      1.39    293848    707104        16
15时12分12秒 261802752 261018256    901188      0.34     44612    631736   3695380      1.39    293860    707164        16
15时12分13秒 261802492 261017996    901468      0.34     44612    631732   3695380      1.39    293856    706688        16
15时12分14秒 261802900 261018404    901032      0.34     44612    631728   3695380      1.39    293860    706956        16
15时12分15秒 261802916 261018420    900900      0.34     44612    631732   3695380      1.39    293856    706948        16
15时12分16秒 261802632 261018136    901200      0.34     44620    631728   3695380      1.39    293864    707472        16
15时12分17秒 261802648 261018152    901132      0.34     44620    631732   3695380      1.39    293848    707356        16
15时12分18秒 261802860 261018364    900896      0.34     44620    631724   3695380      1.39    293868    707196        16
15时12分19秒 261803336 261018840    900608      0.34     44620    631732   3695380      1.39    293852    707080        16
15时12分20秒 261802988 261018492    900936      0.34     44620    631724   3695380      1.39    293852    707156        16
15时12分21秒 261802160 261017664    901716      0.34     44628    631740   3695380      1.39    293868    707044        20
15时12分22秒 261802548 261018052    901420      0.34     44628    631736   3695380      1.39    293856    707160        20
15时12分23秒 261801628 261017132    902516      0.34     44628    631736   3695380      1.39    293860    707068        20
15时12分24秒 261801768 261017272    902324      0.34     44628    631732   3695380      1.39    293868    707296        20
15时12分25秒 261801872 261017376    902196      0.34     44628    631736   3695380      1.39    293860    707080        20
15时12分26秒 261802368 261017872    901680      0.34     44636    631732   3695380      1.39    293860    706968        20
15时12分27秒 261803132 261018636    900900      0.34     44636    631728   3695380      1.39    293852    707140        20
15时12分28秒 261802232 261017736    901732      0.34     44636    631732   3695380      1.39    293876    707276        20
15时12分29秒 261801832 261017336    902268      0.34     44636    631736   3695380      1.39    293864    707476        12
15时12分30秒 261802920 261018424    901224      0.34     44636    631740   3695776      1.39    293868    707264        12
15时12分31秒 261802416 261017920    901696      0.34     44644    631732   3695380      1.39    293860    707340        12
15时12分32秒 261803064 261018568    901020      0.34     44644    631736   3695380      1.39    293876    707472        20
15时12分33秒 261803712 261019216    900304      0.34     44644    631736   3695380      1.39    293848    707152        20
15时12分34秒 261802900 261018404    901092      0.34     44644    631736   3696200      1.39    293860    707016        20
15时12分35秒 261803324 261018828    900612      0.34     44644    631736   3695380      1.39    293844    707116         4
15时12分36秒 261803360 261018864    900836      0.34     44652    631724   3697844      1.39    293864    707460         4
15时12分37秒 261803376 261018908    900800      0.34     44652    631736   3695380      1.39    293908    707340         4
15时12分38秒 261804016 261019548    900144      0.34     44652    631736   3696680      1.39    293928    707200         4
15时12分39秒 261803992 261019524    900392      0.34     44652    631732   3695380      1.39    293908    706800         4
15时12分40秒 261803560 261019092    900820      0.34     44652    631736   3697844      1.39    293916    707176         4
15时12分41秒 261803852 261019384    900572      0.34     44660    631736   3695380      1.39    293912    707252         4
15时12分42秒 261803608 261019140    900872      0.34     44660    631736   3697844      1.39    293920    707540         4
15时12分43秒 261804388 261019920    900052      0.34     44660    631736   3695380      1.39    293908    707028         4
15时12分44秒 261804040 261019572    900400      0.34     44660    631736   3696732      1.39    293932    706856         4
15时12分45秒 261804208 261019740    900332      0.34     44660    631736   3695380      1.39    293924    706996         4
15时12分46秒 261803796 261019328    900688      0.34     44668    631728   3696732      1.39    293924    707168         4
15时12分47秒 261803092 261018624    901416      0.34     44668    631736   3695380      1.39    293916    707800         4
15时12分48秒 261803612 261019144    901072      0.34     44668    631740   3696732      1.39    293928    707508         4
15时12分49秒 261803376 261018908    901360      0.34     44668    631736   3695380      1.39    293916    707244         4
15时12分50秒 261803684 261019216    901048      0.34     44668    631736   3696364      1.39    293916    706828         4
15时12分51秒 261800848 261016380    903836      0.34     44676    631728   3700356      1.39    293920    710048         4
15时12分52秒 261801304 261016836    903352      0.34     44676    631736   3699668      1.39    293940    710816         4
15时12分53秒 261803800 261019332    900796      0.34     44676    631740   3696892      1.39    293916    707432         8
15时12分54秒 261803044 261018576    901528      0.34     44676    631740   3697264      1.39    293920    706860         8
15时12分55秒 261803232 261018764    901312      0.34     44676    631740   3699180      1.39    293912    709552         8
15时12分56秒 261799420 261014952    905044      0.34     44684    631740   3703980      1.39    293932    713456         8
15时12分57秒 261801044 261016576    903400      0.34     44684    631740   3701444      1.39    293916    711244         8
15时12分58秒 261801304 261016836    903244      0.34     44684    631740   3702872      1.39    293920    712400         8
15时12分59秒 261801972 261017504    902488      0.34     44684    631740   3701980      1.39    293916    711040         8
15时13分00秒 261804532 261020064    899960      0.34     44684    631740   3699620      1.39    293924    709112         8
15时13分01秒 261801736 261017268    902744      0.34     44692    631740   3700572      1.39    293908    710100        16
15时13分02秒 261799532 261015064    904980      0.34     44692    631740   3703976      1.39    293928    713000        16
15时13分03秒 261800964 261016496    903500      0.34     44692    631740   3702748      1.39    293920    712056        16
15时13分04秒 261802896 261018428    901712      0.34     44692    631740   3701980      1.39    293932    711056        16
15时13分05秒 261804188 261019720    900416      0.34     44692    631740   3700652      1.39    293916    710184        16
15时13分06秒 261804708 261020240    899932      0.34     44700    631740   3700652      1.39    293924    709680        16
15时13分07秒 261805228 261020760    899404      0.34     44700    631740   3699620      1.39    293916    709284        16
15时13分08秒 261804952 261020484    899672      0.34     44700    631740   3698812      1.39    293924    708048        16
15时13分09秒 261804424 261019956    900180      0.34     44700    631740   3697800      1.39    293916    707360        16
15时13分10秒 261804596 261020128    899928      0.34     44700    631740   3697304      1.39    293904    707396        16
15时13分11秒 261804832 261020364    899724      0.34     44708    631732   3697324      1.39    293912    706828        16
15时13分12秒 261805132 261020696    899480      0.34     44708    631740   3697104      1.39    293976    707124        16
15时13分13秒 261805480 261021044    899132      0.34     44708    631740   3696720      1.39    293960    706976        16
15时13分14秒 261804240 261019804    900204      0.34     44708    631740   3695380      1.39    293960    706704        16
15时13分15秒 261805312 261020876    899184      0.34     44708    631740   3695380      1.39    293952    706712        16
15时13分16秒 261804588 261020152    899988      0.34     44716    631732   3695380      1.39    293968    706696        16
15时13分17秒 261805124 261020688    899452      0.34     44716    631740   3695380      1.39    293960    706704        16
15时13分18秒 261804612 261020176    899980      0.34     44716    631740   3695380      1.39    293968    706696        16
15时13分19秒 261804896 261020460    899696      0.34     44716    631740   3695380      1.39    293960    706672        16
15时13分20秒 261804604 261020168    899976      0.34     44716    631740   3695380      1.39    293964    706700        16
15时13分21秒 261804596 261020160    899964      0.34     44724    631740   3695380      1.39    293960    706704        16
15时13分22秒 261803952 261019516    900592      0.34     44724    631740   3695380      1.39    293960    706744        16
15时13分23秒 261805080 261020644    899448      0.34     44724    631740   3695380      1.39    293960    706704        16
15时13分24秒 261804804 261020368    899696      0.34     44724    631740   3695380      1.39    293968    706696        16
15时13分25秒 261804432 261019996    900028      0.34     44724    631748   3695380      1.39    293964    706836        16
15时13分26秒 261804480 261020044    899920      0.34     44732    631744   3695380      1.39    293968    706696        20
15时13分27秒 261804684 261020248    899668      0.34     44732    631744   3695380      1.39    293952    706712        20
15时13分28秒 261804448 261020012    899904      0.34     44732    631744   3695380      1.39    293968    706696        20
15时13分29秒 261804912 261020476    899392      0.34     44732    631744   3695380      1.39    293956    706708        20
15时13分30秒 261804392 261019956    899880      0.34     44732    631744   3695380      1.39    293964    706700        20
15时13分31秒 261804296 261019860    899920      0.34     44740    631740   3695380      1.39    293964    706728         0
15时13分32秒 261804808 261020372    899348      0.34     44740    631744   3695380      1.39    293968    706696         4
15时13分33秒 261804556 261020120    899604      0.34     44740    631736   3695380      1.39    293960    706644         4
15时13分34秒 261804864 261020428    899256      0.34     44740    631744   3695380      1.39    293968    707104         4
15时13分35秒 261804400 261019964    899852      0.34     44740    631744   3695380      1.39    293956    706676         4
15时13分36秒 261805180 261020744    899084      0.34     44748    631744   3695380      1.39    293964    706668        16
15时13分37秒 261804912 261020476    899336      0.34     44748    631744   3695380      1.39    293960    706672        16
15时13分38秒 261804660 261020224    899572      0.34     44748    631744   3695380      1.39    293968    706664        16
15时13分39秒 261804880 261020444    899316      0.34     44748    631744   3695380      1.39    293956    706676        16
15时13分40秒 261804820 261020384    899560      0.34     44748    631744   3695380      1.39    293956    706676        16
15时13分41秒 261804820 261020384    899540      0.34     44756    631744   3695380      1.39    293960    706672        16
15时13分42秒 261804552 261020116    899776      0.34     44756    631744   3695380      1.39    293968    706664        16
15时13分43秒 261804292 261019856    900024      0.34     44756    631744   3695380      1.39    293956    706676        16
15时13分44秒 261805276 261020840    899008      0.34     44756    631744   3695380      1.39    293968    706664        16
15时13分45秒 261804552 261020116    899696      0.34     44756    631748   3695380      1.39    293960    706720        16
15时13分46秒 261804908 261020472    899480      0.34     44764    631744   3695380      1.39    293968    706664        16
15时13分47秒 261804900 261020464    899476      0.34     44764    631744   3695380      1.39    293960    706672        16
15时13分48秒 261804836 261020400    899464      0.34     44764    631744   3695380      1.39    293968    706664        16
15时13分49秒 261804096 261019660    900256      0.34     44764    631744   3695380      1.39    293960    706672        16
15时13分50秒 261804364 261019928    899996      0.34     44764    631744   3695380      1.39    293960    706672        16
15时13分51秒 261804072 261019664    900256      0.34     44772    631744   3695380      1.39    294016    706676        16
15时13分52秒 261804072 261019664    900244      0.34     44772    631744   3695380      1.39    294024    706668        16
15时13分53秒 261804308 261019900    900048      0.34     44772    631744   3695380      1.39    294008    706684        16
15时13分54秒 261804552 261020144    899788      0.34     44772    631744   3695380      1.39    294024    706668        16
15时13分55秒 261804732 261020324    899544      0.34     44772    631744   3695380      1.39    294012    706680        16
15时13分56秒 261804456 261020048    899788      0.34     44780    631744   3695380      1.39    294024    706668        16
15时13分57秒 261804316 261019908    900036      0.34     44780    631744   3695380      1.39    294012    706680        16
15时13分58秒 261804640 261020232    899748      0.34     44780    631748   3695380      1.39    294024    706668        20
15时13分59秒 261805020 261020612    899504      0.34     44780    631748   3695380      1.39    294016    706676        20
15时14分00秒 261804768 261020360    899744      0.34     44780    631748   3695380      1.39    294020    706672        20
15时14分01秒 261804400 261019992    900296      0.34     44788    631732   3695380      1.39    294012    706592        20
15时14分02秒 261804124 261019716    900552      0.34     44788    631748   3695380      1.39    294024    706668        20
15时14分03秒 261804400 261019992    900392      0.34     44788    631748   3695380      1.39    294016    706676        16
15时14分04秒 261804372 261019964    900376      0.34     44788    631748   3695380      1.39    294020    706672        16
15时14分05秒 261804016 261019608    900696      0.34     44788    631756   3695380      1.39    294020    706796        16
15时14分06秒 261804076 261019668    900604      0.34     44796    631748   3695380      1.39    294016    707088        16
15时14分07秒 261804328 261019920    900348      0.34     44796    631748   3695380      1.39    294016    706676        16
15时14分08秒 261804304 261019896    900348      0.34     44796    631748   3695380      1.39    294020    706944         4
15时14分09秒 261804760 261020352    899856      0.34     44796    631748   3695380      1.39    294016    706700         4
15时14分10秒 261804996 261020588    899576      0.34     44796    631748   3695380      1.39    294020    706672         4
15时14分11秒 261804696 261020288    899872      0.34     44804    631748   3695380      1.39    294024    706668         4
15时14分12秒 261804696 261020288    899872      0.34     44804    631748   3695380      1.39    294024    706668         4
15时14分13秒 261804924 261020516    899620      0.34     44804    631748   3695380      1.39    294016    706676         4
15时14分14秒 261804240 261019832    900416      0.34     44804    631748   3695380      1.39    294024    706716         4
15时14分15秒 261805288 261020880    899368      0.34     44804    631748   3695380      1.39    294012    706680         4
15时14分16秒 261805040 261020632    899608      0.34     44812    631748   3695380      1.39    294024    706668         4
15时14分17秒 261805196 261020788    899388      0.34     44812    631748   3695380      1.39    294024    706696         4
15时14分18秒 261805244 261020836    899340      0.34     44812    631748   3695380      1.39    294024    706668         4
15时14分19秒 261804936 261020528    899584      0.34     44812    631748   3695380      1.39    294024    706668         4
15时14分20秒 261804936 261020528    899584      0.34     44812    631748   3695380      1.39    294024    706668         4
15时14分21秒 261804368 261019960    900056      0.34     44820    631748   3695380      1.39    294024    706668         4
15时14分22秒 261804376 261019968    900048      0.34     44820    631748   3695380      1.39    294024    706668         4
15时14分23秒 261804320 261019912    900040      0.34     44820    631748   3695380      1.39    294024    706668         4
15时14分24秒 261804320 261019912    900040      0.34     44820    631748   3695380      1.39    294024    706668         4
15时14分25秒 261804012 261019604    900272      0.34     44820    631748   3695380      1.39    294024    706668         4
15时14分26秒 261804020 261019644    900256      0.34     44828    631748   3695380      1.39    294080    706672         4
15时14分27秒 261803696 261019320    900500      0.34     44828    631748   3695380      1.39    294080    706672         4
15时14分28秒 261803696 261019320    900500      0.34     44828    631748   3695380      1.39    294080    706672         4
15时14分29秒 261803192 261018816    900936      0.34     44828    631752   3695380      1.39    294084    706992         4
15时14分30秒 261803656 261019280    900468      0.34     44828    631748   3695380      1.39    294080    706672         4
15时14分31秒 261803560 261019184    900488      0.34     44836    631752   3695380      1.39    294080    706688         8
15时14分32秒 261803876 261019500    900196      0.34     44836    631752   3695380      1.39    294080    706672         8
15时14分33秒 261802924 261018548    901276      0.34     44836    631768   3695380      1.39    294096    706736         0
15时14分34秒 261803288 261018912    900928      0.34     44836    631752   3695380      1.39    294080    706640         4
15时14分35秒 261802616 261018240    901560      0.34     44836    631760   3695380      1.39    294088    707128         4
15时14分36秒 261802800 261018424    901464      0.34     44844    631752   3695380      1.39    294080    706644        16
15时14分37秒 261801348 261016972    902884      0.34     44844    631764   3695380      1.39    294092    707128        16
15时14分38秒 261802012 261017636    902256      0.34     44844    631752   3695380      1.39    294080    706672        16
15时14分39秒 261802856 261018480    901460      0.34     44844    631760   3695380      1.39    294088    707196        16
15时14分40秒 261802472 261018096    901764      0.34     44844    631752   3695380      1.39    294080    706640        16
15时14分41秒 261802080 261017704    902152      0.34     44852    631752   3695380      1.39    294080    706668        16
15时14分42秒 261802380 261018004    901996      0.34     44852    631752   3695380      1.39    294080    706632        16
15时14分43秒 261802404 261018028    902020      0.34     44852    631752   3695380      1.39    294080    706660        16
15时14分44秒 261802508 261018132    902004      0.34     44852    631752   3695380      1.39    294080    706640        16
15时14分45秒 261802924 261018548    901576      0.34     44852    631756   3695380      1.39    294084    707352        16
15时14分46秒 261803112 261018752    901224      0.34     44860    631752   3695380      1.39    294080    706644        16
15时14分47秒 261802388 261018028    902012      0.34     44860    631752   3695380      1.39    294080    706724        16
15时14分48秒 261802648 261018288    901736      0.34     44860    631752   3695380      1.39    294080    706672        16
15时14分49秒 261802032 261017672    902232      0.34     44860    631752   3695380      1.39    294080    706648        16
15时14分50秒 261802120 261017760    902216      0.34     44860    631752   3695380      1.39    294080    706648        16
15时14分51秒 261801220 261016860    902988      0.34     44868    631760   3695380      1.39    294088    706664        16
15时14分52秒 261801220 261016860    902988      0.34     44868    631760   3695380      1.39    294088    706664        16
15时14分53秒 261800848 261016488    903276      0.34     44868    631756   3695380      1.39    294084    706724        16
15时14分54秒 261801196 261016836    902916      0.34     44868    631752   3695380      1.39    294080    706640        16
15时14分55秒 261800824 261016464    903176      0.34     44868    631752   3695380      1.39    294072    706700        16
15时14分56秒 261800556 261016196    903404      0.34     44876    631752   3695380      1.39    294076    706676        16
15时14分57秒 261800856 261016496    903132      0.34     44876    631752   3695380      1.39    294072    706680        16
15时14分58秒 261800668 261016308    903428      0.34     44876    631752   3695380      1.39    294076    706676        16
15时14分59秒 261801132 261016772    902928      0.34     44876    631752   3695380      1.39    294072    706680        16
15时15分00秒 261800856 261016496    903188      0.34     44876    631752   3695380      1.39    294072    706696        16
15时15分01秒 261801036 261016708    902880      0.34     44892    631752   3695380      1.39    294124    706684        36
15时15分02秒 261800696 261016368    903164      0.34     44892    631752   3695380      1.39    294136    706660       176
15时15分03秒 261800932 261016604    902908      0.34     44892    631756   3695380      1.39    294128    706668       180
15时15分04秒 261801100 261016772    902900      0.34     44892    631756   3695380      1.39    294136    706660       172
15时15分05秒 261802048 261017720    902108      0.34     44892    631756   3695380      1.39    294124    706672       176
15时15分06秒 261801536 261017208    902596      0.34     44892    631756   3695380      1.39    294128    706668       176
15时15分07秒 261801472 261017144    902580      0.34     44900    631756   3695380      1.39    294128    706668       196
15时15分08秒 261801220 261016892    902808      0.34     44900    631756   3695380      1.39    294136    706660       196
15时15分09秒 261801228 261016900    902812      0.34     44900    631756   3695380      1.39    294128    706692       152
15时15分10秒 261800976 261016648    903036      0.34     44900    631756   3695380      1.39    294136    706660       152
15时15分11秒 261801196 261016868    902784      0.34     44900    631756   3695380      1.39    294124    706672       152
15时15分12秒 261801492 261017164    902768      0.34     44908    631756   3695380      1.39    294132    706664       152
15时15分13秒 261802272 261017944    902008      0.34     44908    631760   3695380      1.39    294124    706676       152
15时15分14秒 261802052 261017724    902224      0.34     44908    631756   3695380      1.39    294136    706660       152
15时15分15秒 261802264 261017936    901972      0.34     44908    631756   3695380      1.39    294128    706668       152
15时15分16秒 261802508 261018180    901764      0.34     44908    631756   3695380      1.39    294132    706664       152
15时15分17秒 261802200 261017872    902028      0.34     44916    631760   3695380      1.39    294132    706732       152
15时15分18秒 261801948 261017620    902252      0.34     44916    631756   3695380      1.39    294136    706660       152
15时15分19秒 261802396 261018068    901752      0.34     44916    631756   3695380      1.39    294124    707084       152
15时15分20秒 261802120 261017792    902000      0.34     44916    631756   3695380      1.39    294136    706660       152
15时15分21秒 261802324 261017996    901744      0.34     44916    631756   3695380      1.39    294124    706672       152


Average:    250961387 250175987  11695299      4.44     44269    679675  16995094      6.40    273427  11542326        60
